0.06636952
0.03347179
0.07766144
0.3144427
-0.1112986
0.6872422
-0.2980344
-0.1985141
-0.02904943
0.690252
-0.3600692
0.1284042
0.04043401
-0.3608161
-0.5602743
0.1332682
-0.05463592
-0.03292151
0.1487299
-0.176723
-0.5047149
0.0985109
0.07777347
0.04181801
0.4115495
0.1369673
0.2424775
0.2100852
-0.4132471
0.004462472
-0.4146027
0.3834118
0.4227893
-0.2236032
-0.01923987
0.4282463
0.1061507
0.06009788
0.2675319
0.469127
-0.1894393
-0.2276163
0.0281661
0.464241
0.1423371
-0.1428967
-0.1759239
0.4328935
-0.2481877
-0.01302796
-0.2254323
-0.4832828
-0.3001344
-0.1147419
0.2335492
-0.5193592
0.1937416
0.1229124
-0.6487781
0.128244
-0.01685314
0.70201
0.2122804
0.1066498
-0.08711328
-0.320763
-0.501678
-0.5951523
0.02243111
-0.1813817
0.3183745
-0.157641
0.1355074
-0.1176072
0.1290848
-0.5730571
0.8712006
-0.3479959
0.2100727
-0.4298182
-0.4217055
-0.5375943
0.3019815
-0.2221801
0.0725984
-0.2968304
0.01181692
0.3212355
0.2585941
-0.5654175
-0.4931313
-0.1842413
-0.4376293
0.4593337
-0.6122196
0.3739954
-0.2697744
-0.09542499
-0.2671719
-0.4594967
-0.2476
-0.1165016
0.005852715
0.3346982
-0.355907
0.3100274
-0.1412657
-0.4542455
-0.1000723
-0.3974402
-0.4618132
0.5443917
0.2495599
0.6196324
0.3834684
0.4940618
-0.002860958
-0.2851127
-0.7837176
-0.6285576
0.7500809
0.3746024
0.518005
0.1460382
-0.2803182
-0.009612511
-0.1646239
0.3590387
0.1597288
-0.5164677
-0.1569363
0.8825159
-0.6788893
-0.2709839
-0.1453782
0.03478369
-0.3877869
-0.09394122
-0.1468182
0.4177469
-0.3166167
-0.2728615
-0.4427626
-0.1867271
0.2968147
0.1526037
0.09391514
-0.3693523
0.288571
-0.7103491
0.2262093
-0.3416307
-0.4058527
-0.04977152
-0.2844448
0.08128826
0.0785084
-0.261233
0.6156158
-0.249646
-0.06152912
0.3698467
0.1829594
0.4369541
0.8395757
-0.06422454
0.3241668
0.09793023
-0.5043534
0.2754863
-0.3020319
0.9157811
-0.2794542
0.439706
-0.4280585
0.2705008
0.7306586
-0.3604499
0.3929889
0.09797031
-0.1110351
0.4010464
-0.1827621
-0.2039816
0.02268739
0.4246009
-0.08079922
0.8718073
-0.1086584
-0.1889141
0.09106164
-0.3534395
0.08872695
-0.1326288
0.240138
-0.5401436
-0.2276608
0.4689512
-0.3420446
0.06101067
-0.04764815
0.1209935
0.3581262
-0.1288696
-0.7245926
0.4749807
-0.03165849
-0.3602154
0.0864112
0.2913749
-0.2999066
-0.1905913
0.08638325
-0.4057846
-0.5016957
-0.2181298
-0.1317329
0.3186305
-0.08361089
-0.1006428
-0.1296486
-0.2023526
0.3543644
0.1846491
-0.2509093
0.04113618
-0.1625379
0.2699683
-0.6527624
0.2004598
0.6118607
0.1444352
0.2006033
0.3072193
0.256284
0.1924913
0.5244259
-0.3902131
0.5071156
-0.3545978
-0.5806341
0.2021872
-0.3890967
0.03693592
0.1566926
0.2289163
-0.2680014
-0.397242
0.3288875
0.005101424
-0.1925806
0.3828695
0.2727297
0.07488838
-0.4749664
0.08703344
-0.4884163
0.07043612
-0.3586688
0.04124286
0.2341642
0.4500874
-0.2157446
-0.5675365
0.4871234
0.224997
0.1292978
-0.1830301
0.1068102
0.4222773
-0.329021
0.07209341
0.3293112
0.482695
0.1110061
0.1247779
-0.05042005
-0.03386427
0.1085749
-0.3821258
0.5060901
-0.1540135
0.5845467
0.006764678
0.1467728
-0.4402065
0.4947933
-0.228477
-0.09493851
0.4568227
0.2177419
-0.04973168
-0.4181431
-0.2919897
0.05312967
0.03910567
-0.3561705
-0.3285356
0.02902621
-0.2553694
-0.5008644
0.4499587
-0.3412728
0.03144603
-0.2861056
0.07599504
-1.395933
-0.2939733
0.7996812
-0.1580334
0.3274311
0.7228485
0.9429064
-0.2758134
0.01226181
-0.1894814
-0.4208372
0.3648534
-0.4929257
0.03739057
-0.09024788
0.1717862
-0.01824659
0.3531431
-0.3755157
-0.3125917
0.03990627
0.02677913
-0.1935929
0.5090706
0.06352237
0.6679156
0.4701805
-0.01399786
-0.07215479
0.1608822
-0.07711192
0.3692879
-0.1258064
0.1494136
0.3887251
0.2652473
0.132457
0.4374724
0.3781176
-0.2053642
0.147495
-0.1946312
-0.6515872
-0.04611019
0.6386984
0.4370741
0.2140067
-0.04133379
0.4327237
-0.3434767
0.08942079
0.306399
0.6308326
-0.3694817
-0.1927121
-0.173314
-0.5357649
0.01050485
0.08140357
-0.8946691
-0.0252588
-0.1985216
-0.2259012
0.3060979
-0.06173619
-0.3170908
-0.2353697
0.5819833
-0.2171731
-0.3519817
-0.5542661
0.4031769
0.1313675
-0.3328577
0.5714816
-0.5870635
0.1543195
-0.4241541
0.3654302
-0.3647665
0.4676014
0.1139112
-0.2626528
-0.2344851
0.6926094
-0.1041673
0.4439221
0.03812115
-0.03231121
-0.4716149
-0.1752609
-0.7526794
-0.2221891
-0.005212177
-0.4217123
-0.3278705
0.08517883
-0.236928
-0.5393803
-0.2002409
-0.4790168
-0.0587737
-0.2016067
1.095167
0.8277594
-0.4281951
-0.02508453
-0.1742923
0.08461569
-0.06641572
0.1337624
-0.1485924
0.03759637
-0.05016207
-0.1836836
0.03873836
-0.2024196
0.2555201
0.100277
-0.2672505
0.03030072
0.3534878
0.2201859
0.04603222
-0.1585273
-0.04863593
0.9443962
0.4003455
-0.004302147
0.2212226
-0.4059031
0.7141984
0.0843799
0.09923565
-0.2441179
0.2811619
0.4038965
-0.1834365
0.1644273
0.08084404
0.09784818
-0.1090545
-0.2282826
0.1507378
0.01069222
-0.2656639
0.06665074
0.03756953
0.2451996
0.1552788
-0.308065
-0.04763851
0.6850569
-0.02900293
0.01414745
0.2977206
0.5155512
0.2549413
-0.09719422
-0.4507512
-0.06611002
0.6686411
-0.03549325
0.229686
0.3449936
-0.1167652
0.5537364
-0.07967449
-0.1894901
0.2205963
-0.06283943
-0.1597835
-0.2852809
0.1595284
-0.04265092
-0.3226144
-0.04621227
0.4593306
-0.04414152
-0.1932131
0.05069572
-0.4629196
0.4134036
-0.3714445
-0.08536151
-0.2033286
-0.05689525
-0.2905762
0.08923405
0.1435926
0.2247943
0.5030574
0.2088613
-0.3665572
0.2850172
0.3277716
0.4226885
-0.5025357
-0.5522809
-0.04913812
0.2030049
-0.2391788
0.5248441
-0.1814622
0.555303
0.2618193
-0.3466368
0.5506196
-0.2697301
0.5452082
-0.5143385
-0.1397924
-0.2800289
0.1340972
0.2705687
-0.4756834
0.5061509
0.253339
-0.1270332
0.4228958
0.3912553
0.03787628
0.08767499
-0.1946435
0.4215184
-0.3025012
-0.1934802
-0.1306208
0.2133551
-0.2146142
-0.2951418
-0.5789421
0.07129974
0.4589665
0.04923796
-0.1077961
-0.5530985
-0.05221535
-0.2625353
0.1138851
-0.01434593
0.4329271
0.6716908
0.08150473
0.1486995
0.3296225
0.6758255
-0.1862459
0.2683926
0.3228789
0.1988578
0.8800088
0.3235106
-0.267181
0.1750202
0.506063
0.02264697
0.388776
0.07520945
0.109693
0.04421212
0.3226812
-0.1467702
0.2246722
0.5621647
-0.3112803
0.2444466
-0.06060248
0.5854101
0.1274901
0.6036307
0.5714799
-0.6593209
0.317849
-0.4505085
-0.03344268
0.239925
0.08034959
-0.05733396
0.6248815
-0.3269206
-0.1124991
-0.3525999
0.5391852
0.147069
-0.1330477
0.08031047
0.09706065
0.1124821
0.7701774
0.36705
-0.2890609
-0.2748841
-0.685308
0.402683
0.1594713
0.2733777
0.5034834
0.3883388
0.2708353
0.3005205
-0.08468331
0.04387221
0.2652516
-0.3800291
0.4591513
0.3833337
-0.7397584
-0.005031043
-0.1861303
-0.002960819
0.05442545
-0.2087637
-0.3078019
-0.5947228
0.120094
0.1373411
0.02760056
0.3755594
-0.3335875
-0.3165245
-0.3291413
0.5218993
0.2980256
-0.1447246
-0.4901621
-0.07203798
-0.07937133
0.385581
-0.1158372
-0.1129227
0.5817456
0.02326847
0.06655862
0.1343678
-0.3588593
-0.1721567
0.1526784
-0.6279759
0.5228585
-0.132169
0.4130978
0.05612659
-0.4973538
0.3149119
0.2707953
0.3794195
-0.1676127
-0.310131
-0.1823112
0.0356183
0.3535949
-0.1849244
-0.8091178
0.4480196
-0.09035641
0.2793997
0.3135046
0.6767989
-0.2546046
0.06451876
0.4475268
-0.261413
-0.3238652
0.7343335
-0.2081747
-0.2607052
0.1017374
0.4798329
0.02618644
-0.1440985
0.01391586
0.1400214
0.06348517
-0.6261379
-0.6485579
0.2408358
-0.4079663
0.03348769
-0.4391856
-0.2273803
0.03438681
0.5302389
0.4969084
0.5606522
0.5420898
-0.362889
0.2338496
-0.1467421
0.2265297
0.1702342
0.5055058
0.3345325
-0.1809836
-0.07534045
-0.0311188
-0.297196
-0.08451588
0.2501495
-0.2634403
0.6228597
0.03881962
0.3799807
-0.1504979
-0.173558
-0.2442627
0.3307042
-0.6801618
0.3989769
0.4158526
0.6021237
-0.06628288
0.1856784
-0.3420372
0.02312587
-0.3777858
-0.2495075
-0.3802851
-0.2991887
0.2794713
-0.05862172
-0.7547638
-0.05806992
-0.02288104
0.009659472
0.3925127
-0.5006972
-0.07479453
0.4188977
0.1895848
0.2197961
-0.1065824
0.0346523
0.4678973
0.2158648
0.1167433
-0.4195788
-0.1356542
-0.2429066
-0.04113311
-0.3355463
-0.1027791
-0.2794519
0.1964917
-0.4238352
0.1108234
0.1245435
0.5983263
0.06395865
-0.2749532
-0.3323102
-0.4498101
-0.0003112236
-0.2447631
-0.9582815
0.4427481
0.1284544
-0.0626235
0.02913522
-0.009567615
-0.3586246
0.5588818
0.0866898
-0.6033262
0.6635037
0.07495159
0.3847305
-0.2165864
-0.005585349
0.3960078
0.05780147
0.02933497
-0.09001008
-0.06275078
-0.2830048
-0.6348866
0.09189323
0.2550499
0.451342
-0.1931191
-0.4151788
0.06753463
0.08862535
0.02081458
0.3098591
0.1957719
0.1576416
0.5826069
-0.4428581
-0.2320504
-0.4021109
-0.1385173
0.07870279
-0.09810791
0.09254203
-0.2348531
-0.03332168
-0.1715188
0.174496
-0.2598072
0.06991523
-0.1457244
-0.3557244
0.4602683
-0.08776514
0.6177074
-0.4824053
0.3618272
-0.1826015
-0.7346108
0.1929432
0.126859
-0.3467205
-0.152115
-0.4806535
0.1328224
0.1813921
0.463382
0.09270891
-0.539317
0.01037318
-0.1551312
-0.005928267
-0.2539097
0.3289821
-0.6736671
0.2582709
0.04206824
-0.06515996
0.4033069
0.8051664
0.1353318
0.5601465
0.3095205
0.5836308
-0.007819911
0.1377443
-0.05080314
-0.2415014
0.3133668
0.06190375
0.04500363
-0.5875162
-0.04653323
0.5086117
-0.2332124
0.02383392
-0.2049198
-0.5833736
-0.1856908
-0.1667437
-0.4268056
0.4541993
0.08863673
0.5021039
0.06282078
-0.3584543
0.3708216
0.2151493
0.03019159
-0.2411922
-0.1821986
0.3500782
-0.2693602
0.2870654
-0.00747746
-0.7448527
-0.3530425
0.2886231
0.249935
0.2985355
-0.1956047
-0.01389745
0.0643572
-0.656227
-0.1973798
-0.519052
-0.299682
-0.3693755
-0.2178757
0.08232794
0.3976465
-0.1582511
0.4227696
1.096674
0.05410429
-0.06352115
-0.5909778
-0.1002927
-0.1768267
-0.3384178
0.628072
-0.1713644
0.07262886
-0.09095574
0.4009634
0.4230661
-0.193309
-0.1808814
-0.08896547
0.4445057
-0.03947676
-0.5099528
-0.4660383
-0.06606185
-0.2531741
-0.01529645
0.1401434
-0.03511375
0.4975474
0.1379971
0.1680992
1.165967
-0.4255929
0.6246704
-0.3098024
0.2707958
-0.06456669
0.2328839
0.193378
0.001292478
0.2395588
0.106562
0.1803223
-0.1481422
0.05026899
0.1356194
-0.7137243
0.3694569
-0.0491207
-0.2545979
0.3634808
0.1746285
0.6092013
0.2990454
-0.246076
0.2298404
0.08261643
-0.6619285
-0.7578289
0.2308945
-0.5995542
-0.2731864
0.2759918
0.3312314
-0.1096263
0.2547199
0.2246494
-0.5229821
0.3730097
0.06935526
0.5751853
0.2408733
0.04394301
-0.2232948
0.03674823
0.7581905
-0.1398462
0.002390712
-0.4414872
-0.6155175
-0.3556139
-0.4239683
0.0952267
0.2356845
0.5110964
-0.09725117
-0.4346996
-0.346413
0.07256686
0.1292641
-0.1302506
0.03670306
0.03347718
-0.3534516
0.5709344
0.8387453
-0.2231237
0.1918693
-0.4184683
-0.05072069
0.2822838
0.06656378
0.2114853
-0.3984162
-0.3869608
-0.4516511
-0.4455963
-0.02758224
0.2878406
0.2778505
-0.7928559
-0.09389807
-0.1367475
-0.3869357
0.006225466
0.08665398
0.228758
-0.03321646
-0.04048224
0.8137057
-0.1626589
-0.2690978
-0.3323792
-0.01596359
0.2249563
-0.3471111
0.8812588
-0.05636353
0.02185561
0.1845048
0.399541
-0.1897295
0.376332
-0.06309807
0.3412097
0.2157925
0.2716983
-0.1548466
0.8300389
-0.4379643
-0.04201711
-0.2230978
-0.08428031
-1.255202
-0.06689475
-0.01237365
-0.3160356
-0.2708707
-0.2082388
-0.6602002
-0.1050103
0.1652182
0.1402704
0.4632916
0.169701
0.6796417
-0.004991313
0.1974364
0.1973101
-0.02559032
0.2613542
-0.2706757
-0.05185702
0.5148739
-0.07728594
-0.2020209
-0.2875242
0.5647605
-0.5731122
0.07993645
0.404272
0.2283716
0.2892003
0.0959688
0.2570186
-0.1245956
0.416368
0.1043082
0.4362765
-0.4818877
0.1530895
-0.06420196
0.02358739
0.04154658
0.3606173
0.1136
-0.3325779
0.295799
-0.4421653
-0.2872833
0.3346203
0.04814047
0.1151709
-0.02421787
-0.01221609
-0.6559057
-0.1846182
-0.3218018
0.1033621
0.08779984
-0.7505345
0.3900008
0.226111
0.123153
0.1993964
-0.4068908
-0.2399357
0.009346941
0.4626352
0.02015824
0.1720936
-0.4032825
0.1407324
0.8088034
-0.3632593
-0.2507502
0.1507812
-0.6636672
0.065765
0.02473579
0.2562278
0.001487059
0.3494683
-0.1104254
-0.03623178
0.4338111
0.2980951
-0.2459086
0.1932333
0.02731159
-0.1336611
0.2641341
0.2993042
0.2591563
-0.3326978
-0.1986601
-0.2190561
0.28598
-0.1514523
-0.4305718
-0.1180382
-0.2490738
0.4324082
0.01748869
-0.3399759
-0.092751
-0.01738241
-0.1675115
-0.3027125
0.2093288
-0.1733617
-0.212003
0.5971581
0.5991505
0.3930186
0.8774975
-0.004193985
-0.2096199
0.01001174
-0.2944497
-0.2478316
-0.01070545
0.5115065
0.1063289
-0.2297738
0.1818823
-0.6841143
0.3483976
-0.6275488
0.07648731
-0.4531064
0.08470249
-0.2967318
0.2744251
-0.6148806
0.1997869
-0.2250756
0.05895115
0.2482923
-0.4107088
-0.05471036
0.1766538
0.2295651
-0.3440366
0.05673075
-0.286862
-0.3974858
0.5283721
0.3798363
-0.006301337
-0.3351252
-0.2917622
0.6099585
0.1286087
0.2411657
0.1771598
0.3702402
-0.8859678
-0.3630204
0.3797295
0.236709
0.0655708
-0.1818886
0.2026765
-0.003819876
-0.1997393
0.07322219
0.4718791
-0.6161798
-0.4312439
0.03766281
-0.4576425
0.2269018
0.1923326
0.06619476
0.481206
-0.8593385
-0.05572202
0.4505361
0.3433421
0.692088
0.3321302
-0.4574961
-0.5577013
0.2675664
0.1228677
-0.3735021
-0.6558888
0.05778696
0.2891489
0.3044631
0.09904968
0.3064296
0.1645192
-0.1176156
0.3907824
-0.3814892
-0.3659896
-0.02376798
-0.5898544
-0.06048546
-0.1663651
-0.5746151
-0.163286
-0.3325742
-0.1990402
0.645361
0.9791786
-0.1271259
-0.01301142
-0.4612033
0.1707645
-0.4401205
0.07601662
-0.07038178
-0.01074638
0.1446509
0.7699495
-0.1855228
0.4781278
-0.5238827
0.01395483
0.3696049
0.1336086
-0.1174065
-0.3294836
-0.3052093
-0.04893555
-0.21402
0.1419454
-0.04712898
-0.005731429
-0.3622448
0.369381
-0.08779035
-0.09318018
0.9602048
-0.2000895
-0.1125054
-0.2253143
-0.4522837
-0.0262762
-0.1579229
0.3973659
-0.08365983
0.3287798
-0.3645672
-0.04180312
-0.193348
0.3047284
0.08139907
0.1080542
-0.3338626
0.1788532
-0.05333841
-0.05991575
0.1679599
-0.2708095
-0.1937967
0.5735951
-0.3382077
0.1176964
0.04945332
0.0486785
-0.4763142
-0.2782294
0.1986932
-0.5263877
-0.3012987
-0.05029274
-0.1502663
-0.1059616
-0.2771878
0.2725005
-0.5534039
-0.2926225
-0.3512984
-0.3608119
0.2419452
-0.2995447
0.1798847
0.07330345
-0.2850762
0.08803626
0.1686076
0.1572613
0.7160781
-0.4925737
-0.6714503
0.05907531
0.07712126
0.4387632
0.08930499
-0.2425045
0.2847382
0.3259897
-0.003780947
-0.1812245
-0.4426683
0.3678241
-0.02582713
0.5399978
-0.5783735
0.6875404
-0.5768801
-0.2951013
0.09452867
-0.06119242
0.05855873
-0.416596
-0.2106062
0.1853257
0.03931734
-0.5368105
-0.2613512
0.1895884
-0.07889937
-0.1864387
-0.2609602
-0.5687274
0.2569336
0.3056131
0.1053214
0.04538403
-0.4088346
-0.9505131
-0.08369364
0.1139782
0.01701236
0.4627658
0.02245781
0.1140022
0.4418937
0.4983265
-0.005314221
0.06663602
0.09271387
-0.622851
0.3227085
-0.01270735
-0.3203641
0.04929545
-0.03398459
-0.1490955
-0.03950663
0.5990851
0.1573902
0.4522548
-0.08905325
-0.08246951
-0.284898
-0.1749446
0.1428073
-0.2197941
0.207069
-0.1697012
-0.3620423
-0.2809157
-0.2114965
-0.07288017
-0.8596277
-0.332712
-0.02847804
0.01118331
-0.5680959
-0.02192047
-0.1699788
0.2602446
-0.07539678
0.3997831
-0.2875116
0.1026969
-0.132659
0.3785685
0.1792161
-0.02733662
0.5543839
-0.3592926
0.5271947
-0.05124058
-0.6360505
-0.2279667
-0.3271262
0.2269304
0.396146
-0.2719953
0.09765215
0.08024756
-0.2004338
-0.4599833
-0.1487902
-0.2457423
-0.406411
-0.1012433
0.2145802
0.2442936
-0.1145566
0.01383839
-0.7131744
-0.05359585
0.2926607
0.1252713
0.3214946
-0.3956543
0.1696093
-0.06802189
-1.081218
-0.5882082
-0.09578595
-0.1794999
0.6313295
0.125488
-0.01655103
-0.0317383
0.3864551
0.00557024
-0.4338773
0.2306322
-0.1566958
-0.4614336
0.6849272
-0.5155518
0.2439517
-0.1042306
0.6456363
-0.08351801
0.5841375
0.06210549
0.1155401
0.2177776
0.3013438
0.2809798
0.3662967
-0.6159624
-0.7744381
0.3636075
0.04684398
0.4933272
-0.4121102
-0.05391177
-0.8402027
0.1647812
0.4278456
0.241834
0.5532063
0.537095
-0.1054098
-0.3535838
-0.6765161
0.2859518
0.2056795
0.03074893
-0.0419098
-0.4332224
0.3234029
-0.07402582
0.1700393
0.2411656
0.5508677
-0.1227768
0.1597979
0.07994928
0.5001852
0.3255736
0.05834466
0.1976348
-0.1444229
0.138005
0.4025058
-0.1445677
0.01898565
0.3240184
-0.1793971
-0.3219529
0.03731644
-0.5749301
-0.4924629
0.3228011
-0.04611788
-0.4890622
-0.6462735
0.3339719
0.4542684
-0.285101
-0.07839905
0.3727504
0.2176264
-0.1823126
-0.07999373
0.1005206
0.02289819
0.6653966
-0.400053
-0.1218544
0.2612201
-0.7791564
-0.07770056
0.5557495
-0.1521624
0.2563229
0.4611532
-0.1455771
-0.2294737
-0.1322193
0.1332417
0.4010429
0.1569188
0.1626323
-0.1439174
-0.345652
0.01081056
-0.06847135
-0.09844959
0.2942847
0.3781651
-0.1887472
0.0358302
-0.362113
0.1388719
-0.01557974
-0.1844571
-0.05189974
-0.5225635
-0.2501562
-0.5132402
0.09070176
-0.5441645
-0.3364131
-0.6507534
-0.9825179
0.4895126
0.1054003
0.1902435
0.05347591
0.001676663
0.2956212
-0.7722632
0.08745214
-0.354536
0.4198306
0.2366599
-0.1593197
0.2269444
0.4860923
-0.006379843
0.05948555
0.6946221
0.01951113
-0.5250149
-0.1726363
-0.2893609
0.206197
0.5481706
-0.1199509
-0.1468401
0.3379956
0.1960219
0.02778964
-0.2114964
0.4496599
0.3495041
-0.4766775
-0.2992907
-0.127829
-0.03898313
-0.1674471
0.1700306
0.33993
-0.008539508
0.06282856
-0.206882
-0.09202954
0.1101716
0.386724
0.1974689
-0.4663625
0.1394854
-0.09800601
-0.2807739
-0.01956527
0.04850744
0.1188114
0.03687337
-0.1471547
0.2226158
0.03897362
-0.393387
0.3630123
-0.04012766
0.2011436
0.4185897
0.1792834
0.3223415
-0.430859
-0.04928248
0.2356398
0.5072963
-0.006951961
-0.6485303
0.2579873
-0.2037337
-0.6215905
-0.5296715
-0.2210506
-0.4251311
-0.1022793
0.1325342
0.09014275
-0.2567541
0.2521376
-0.7777378
-0.161072
0.02023313
-0.8939375
-0.5860214
-0.2819753
-0.04060898
0.4123471
-0.1280476
0.6369694
0.02556096
-0.1265041
0.3015574
-0.374627
-0.5053488
-0.3152862
-0.02155138
-0.4892816
0.4480897
-0.07937096
-0.4433304
-0.1325422
0.4338528
0.01841601
0.007863132
-0.4116197
0.6576198
0.266544
0.2750908
0.7657077
0.5097773
0.4639889
-0.4152536
0.05259574
0.4940607
0.2266218
-1.006093
-0.1951894
-0.3650215
0.4744783
-0.2556854
0.3702076
0.1017949
-0.1987583
0.402021
0.05336308
-0.3491548
-0.2202395
-0.3228435
0.5824044
-0.8841095
0.3791939
-0.7819086
-0.1803196
-0.01028035
-0.008731823
-0.7510912
-0.1070506
0.2364902
-0.1757378
0.08701217
0.04985258
0.4142145
-0.1679097
0.4627686
-0.3131997
0.7566973
0.03101837
-0.2565436
-0.4867125
-0.01183723
0.7306661
0.1612257
-0.1357212
0.1074205
0.2713396
0.05288538
-0.2077282
-0.02658866
0.9580396
0.01690576
-0.352938
0.03448755
-0.7199214
-0.282918
-0.1324094
0.4855452
-0.1776735
0.06767918
0.08025228
-0.5828002
0.2997714
-0.222534
-0.1088031
-0.5572971
-0.4040343
-0.3524421
0.07651091
-0.3274776
0.7279518
0.01318759
0.4450456
-0.2010836
0.4916768
0.1138942
0.326937
-0.7235129
0.2522282
-0.3175453
0.3546276
-0.2653916
-0.513644
0.7166577
0.2418265
-0.2678117
-0.02358793
-0.2186918
-0.4972187
0.07339781
-0.06196375
-0.1290093
0.4486506
0.09795056
0.5772579
0.244739
-0.0512691
-0.09302817
-0.4959684
-0.1809759
0.2641027
-0.1276162
0.1493364
-0.1890725
-0.09709472
0.2043399
-0.4858974
-0.09524446
-0.3139887
-0.3485291
-0.02041066
0.08966078
-0.1359614
-0.273643
0.3157148
-0.3853622
0.1376341
-0.08043552
0.3552481
0.03041544
-0.4494283
-0.2681214
0.8822571
0.04785796
-0.4076417
-0.344613
0.1500711
-0.161655
-0.2359654
0.2316345
0.1635692
0.2665994
0.4099216
-0.1807401
-0.1423766
1.276933
-0.0851333
0.1830391
-0.01503179
0.2005092
-0.5860996
0.003297137
-0.4166872
-0.1592795
0.1278318
0.009164379
0.3387733
0.3545217
-0.1733623
-0.2515816
-0.3609989
-0.2809011
0.3983744
0.1009301
0.3767751
-0.0383896
0.5005599
-0.1020722
-0.4219505
0.03682281
0.2786266
0.09655615
-0.4913888
0.5641585
-0.0279271
-0.4993596
0.3188397
0.1039805
0.4369575
-0.2705891
0.3938981
0.3183461
-0.5780853
-0.04897084
0.2851092
0.3767292
-0.2105703
-0.2656535
-0.08022962
0.02311671
0.1890482
0.3116871
-0.4010149
0.1191225
-0.1842332
0.2279929
0.6098936
0.6546873
-0.4351896
0.3655094
0.1935589
-0.006827707
-0.06305994
-0.3336643
0.2694408
-0.2482976
-0.4396899
0.05516928
0.2041553
-0.590864
0.117358
0.3307751
-0.06660336
0.4022672
0.1500313
0.1388273
-0.09966542
-0.4332487
0.5275599
0.1875361
-0.05745842
-0.6378604
0.0334077
0.3218732
0.0919144
0.2533753
0.6053501
-0.04695211
0.5065643
0.5120545
0.03468028
-0.4328085
0.5485618
-0.4929065
-0.1596682
0.2113557
-0.1482151
-0.006972818
0.2530351
-0.5340304
-0.3008816
0.2638428
-0.1336235
0.1292045
-0.1799928
-0.4866206
0.742381
0.135153
0.6616002
0.0007195452
0.2986054
-0.120374
0.5379808
0.05486571
-0.3295215
-0.1665345
-0.01459776
0.06808799
-0.4710813
-0.4974087
-0.1205136
0.3195689
0.1868169
0.06662478
-0.01873885
0.07997338
0.5191159
0.1851776
-0.2245059
0.05797078
-0.1694586
-0.5749842
0.1318761
0.1299451
-0.2994405
-0.08879457
-0.3719046
0.2592877
0.1001697
0.2280195
0.2940744
-0.08646487
-0.2315578
0.1594791
-0.5528742
-0.3024434
-0.3377386
0.2669328
-0.2410128
0.5822292
0.06131549
0.227127
0.02466147
-0.1408603
-0.5132892
0.7076198
-0.06247998
0.3403744
-0.3988028
-0.2429735
0.4524252
-0.3883962
0.1055945
-0.6201674
-0.443125
-0.2602422
0.5626632
0.2737916
0.3933464
-0.3097181
0.1541496
-0.8270535
-0.2640285
-0.1077549
0.1807206
0.01310779
-0.3101198
-0.2815609
0.01070373
-0.3636414
-0.1147401
-0.01465093
-0.3381917
-0.07550507
-0.5035147
0.4677704
0.8121362
-0.07208471
-0.1282322
0.2605842
-0.2627836
0.4033422
0.9725036
0.07967303
0.6987497
-0.7043636
0.5060129
0.5015236
-0.2187398
0.6504231
0.2554014
0.3651219
0.484717
-0.4222769
-0.03655048
0.1262032
0.01888756
0.1591669
0.9831922
0.1756797
0.2111961
0.1308961
0.01045766
0.8244891
-0.1538912
-0.1211103
0.5379271
-0.3091272
-0.3600293
0.07385013
-0.002407051
0.0269129
0.1088388
-0.4369585
0.7624085
-0.02623987
-0.1404563
-0.149826
-0.4149913
-0.4477615
-0.3125701
-0.06213026
0.4470259
-0.06846867
-0.06276422
0.2979415
-0.63139
0.02360876
0.6544561
-0.3095592
-0.2229461
-0.184116
-0.1882359
0.4377091
-0.4659204
-1.007357
0.2991516
-0.3350571
0.7746475
0.5052918
-0.9728555
0.5221278
0.1743838
0.04308708
0.5080558
-0.1212441
-0.410281
-0.6160352
-0.5149216
-0.4591573
-0.04367157
-0.01531206
0.01094633
-0.1447106
0.001809159
0.6699196
-0.1769359
0.3172246
0.5057739
-0.309122
0.2967201
-0.07755059
0.02183363
0.0242481
0.05381287
0.5493192
-0.08061045
0.1339158
0.08038575
0.3254148
0.2672098
-0.4104572
-0.01183138
0.3438265
0.1994387
-0.5310452
-0.438961
0.216591
-0.4849835
0.2273194
0.8045149
0.4451124
0.1617999
0.1183515
-0.0962551
-0.06757385
-0.248952
0.6488981
-0.3810156
0.1054641
0.5014064
-0.2181243
0.2799453
0.7142096
0.436686
-0.4732068
-0.08741467
0.45681
-0.08675813
-0.1232931
0.04364616
-0.1634562
0.2368651
-0.190196
0.1661253
0.1293472
-0.06729575
-0.3131717
-0.2084641
-0.1890537
0.3639281
0.2930351
0.2008902
0.3553024
-0.4855846
-0.001422709
-0.4633089
-0.6595501
-0.2954756
0.1378543
-0.04736248
0.3662772
0.3534589
-0.6510918
0.05296005
-0.8103273
-0.114827
0.227176
-0.3263679
0.09652025
0.06505507
0.5819993
-0.02751264
0.01251058
-0.2682109
0.157929
-0.379863
-0.2346336
0.07093006
0.1608379
-0.2306324
0.2295297
0.1472875
0.568371
-0.4523271
0.4451841
0.6281128
0.2628135
-0.1900255
0.5359805
-0.1712692
-0.2387901
0.811736
0.383129
-0.4622052
0.1447106
0.327175
-0.5904225
-0.1547541
-0.3430872
0.4935561
0.1951386
-0.1090993
0.1805811
-0.2625496
-0.03567799
0.1293543
0.5830892
-0.08197857
-0.7944927
0.05762281
-0.01168345
-0.4053721
-0.2912169
-0.3470622
-0.3049109
-0.267214
-0.1147586
0.6683328
-0.2805156
0.3265096
-0.07507756
0.1612869
-0.2244412
0.2158472
-0.5550131
0.5109731
-0.3673451
-0.5336774
0.6879187
0.1718996
-0.03741923
0.3146773
-0.1097726
0.2369829
-0.348604
-0.1170045
0.09306821
0.08189032
0.1170743
-0.1078237
0.05578326
-0.3068551
0.01641124
-0.3303222
-0.1135631
-0.2915066
0.3177354
0.6057052
-0.05296202
-0.2578923
0.597015
-0.1956143
0.07976779
0.6028953
-0.5784401
-0.3768616
0.1541336
-0.2475415
0.4121416
0.4111677
0.07292837
-1.048893
0.535803
-0.1517047
0.4610516
-0.116039
0.2827147
0.1037202
-0.5819957
-0.1353177
0.1170081
0.2152011
-1.228396
0.4793569
-0.1962323
0.1528154
-0.3987844
0.3182665
-0.301699
0.3062627
0.07489984
0.1828639
0.1717575
-0.2932582
-0.05216874
0.2660013
0.289855
0.1275213
0.0197682
0.2127555
-0.1673633
0.4193037
-0.2916833
-0.1884163
0.003409164
-0.07262959
0.7029212
0.1970299
0.04136528
0.1174348
-0.06961629
-0.139933
0.3257963
-0.4129078
-0.3231666
0.2622619
0.5936917
0.1320914
0.08274571
-0.4225125
0.07697184
-0.2511548
-0.4133918
0.4840295
0.03450463
-0.3574436
0.1735396
-0.2385604
-0.4552396
0.2947242
0.2555222
0.261919
0.577658
0.09424191
-0.08299031
-0.1454204
-0.05487947
0.1646471
0.5180284
0.2691865
0.02924872
0.2338776
-0.1068817
-0.05763083
-0.03713203
-0.3801428
-0.1281025
-0.5403066
-0.4273883
-0.3024148
-0.5793404
-0.3947296
-0.123279
-0.2318398
0.2847079
0.541201
-0.9263364
-0.02586583
-0.1017709
-0.2427296
-0.3082384
-0.2584587
-0.665748
0.4741962
0.4615828
-0.1066549
0.4133034
-0.2941922
0.2918078
0.03267496
0.4932867
-0.06294289
0.2960365
-0.005205209
0.240058
-0.02448302
0.116054
-0.696908
-0.2621488
-0.1410952
-0.1262166
-0.9212612
-0.4774517
0.6974623
-0.5607173
0.0688342
-0.2406751
0.208964
0.4059828
-0.01107833
-0.388475
-0.01518018
0.2850879
-0.2319013
-0.2372817
-0.1327959
-0.1726183
-0.1647908
-0.6137767
0.4736511
-0.164536
-0.09245414
-0.06838797
0.2577942
0.2325732
0.4065491
0.03972462
-0.2186303
0.09249231
-0.1110263
-0.4753986
0.2957786
0.02058822
0.4605135
0.4701831
-0.5291923
-0.01334124
0.3697114
-0.1128042
0.2268377
-0.3806487
0.1009452
0.03627605
-0.4200088
0.1302756
-0.1610925
0.02123573
0.06132054
-0.2376977
0.03398295
-0.06684561
0.05203389
-0.5660277
0.7477106
-0.251822
0.2191243
-0.3331687
0.2158921
-0.6972388
0.2008728
0.7851179
-0.4344516
0.3759136
-0.636861
0.01961216
-0.5310898
-0.09830229
0.2578065
-0.09230831
0.1919677
-0.6163727
0.2489522
0.2301435
0.190036
-0.1377702
-0.1477529
-0.2424115
0.5151677
0.5824592
-0.1455411
-0.2887618
0.3580643
0.4399472
0.1558941
-0.2346857
0.1549503
0.4634305
0.3294755
-0.1907595
-0.01846403
0.1347987
0.02698473
-0.1755592
0.1670962
-0.06045796
0.1937634
0.08026212
0.5289757
-0.2130219
-0.2565762
0.03244069
-0.1317608
-0.08902425
-0.3007398
-0.3790807
0.7028876
0.1445425
0.1604718
-0.3917297
-0.06811588
0.2824234
-0.3053945
-0.04377187
0.2102271
0.481351
-0.1053889
-0.04688476
0.1024899
-0.1820833
0.111845
-0.03641008
0.2179319
-0.09337561
0.07044113
0.505605
0.5209389
-0.2734508
0.2374175
-0.1173868
-0.7419231
-0.04204646
-0.6052627
-0.04037385
-0.6930458
-0.5163237
0.08282522
0.3572142
-0.4455554
0.1360274
0.2078638
0.4083214
0.3233674
-0.4783871
-0.06584198
0.2063417
-0.1140638
0.3126373
0.5140756
-0.2897569
-0.1557543
-0.5158003
0.1511265
-0.09991231
-0.1474548
-0.2076172
0.4300829
0.5163194
-0.2166514
0.009285525
-0.1845612
0.1889406
-0.07564727
-0.2597073
0.1774603
0.5488035
-0.1820094
-0.3754107
-0.2051562
-0.3893465
0.8502038
-0.3361001
-0.4088321
0.3119734
-0.49589
0.001018792
0.1375391
0.04292742
0.1254815
-0.1137356
-0.4112286
0.1026095
-0.3200221
-0.1530974
0.2912478
0.2311548
0.1860479
-0.4376662
0.8486922
-0.4916009
-0.4975775
0.3215873
0.1201316
0.04492704
0.167513
-0.2939192
-0.2889367
-0.2080536
0.038381
-0.059521
-0.2686073
0.01283012
0.3231024
0.2639056
-0.2256894
-0.4838556
0.3245097
-0.3587736
-0.426539
-0.1019196
-0.03759977
-0.04740978
