-0.07558754
0.05993443
0.02852822
-0.09308954
0.2287847
-0.007001903
0.03716439
0.1476038
-0.09061501
0.1047515
-0.07480381
-0.009713892
-0.1951256
-0.08793546
0.06847967
-0.1051938
0.1811965
0.1610499
-0.09622659
0.07173532
0.009975175
0.06395034
0.03328217
-0.1111417
0.007240656
0.1252664
0.1230847
0.002971743
0.02476183
-0.06440918
0.003842867
0.007267926
0.1051262
0.002957706
-0.08109385
0.01877297
0.1754802
-0.02941148
0.08659887
0.05955975
-0.1712089
-0.07537308
-0.06453253
-0.1532951
-0.05016306
-0.0539096
0.09237772
0.08120962
0.05455008
-0.0496184
-0.08518771
-0.1626602
-0.209754
-0.04017259
-0.05634319
-0.01672704
0.02847028
-0.04660309
0.08762707
-0.1622088
0.08348815
-0.05952304
0.04287931
0.05791996
-0.1275159
0.05017218
0.1336371
0.1022315
0.01845981
-0.1043277
0.1244663
0.03999354
-0.1915443
0.1765913
0.04368093
0.06565582
0.09979488
-0.0410727
0.00383759
-0.06561285
0.001777089
-0.06171232
0.04100911
-0.1072262
0.02905882
-0.08308271
-0.01634467
0.02101269
0.1939791
0.0805443
-0.2179708
-0.05410189
-0.1228344
-0.07956744
-0.1247689
-0.1656138
-0.06948602
0.01846251
0.175095
0.0406955
-0.1445073
-0.1022284
0.01663369
-0.0698327
0.07450299
-0.1722287
0.1235241
0.1326272
-0.06057408
0.1522029
0.0226858
0.03985051
-0.04775192
0.09028108
-0.04310816
0.07100156
-0.06090908
-0.1074848
-0.08251646
0.01939645
0.1130505
0.0156993
0.1498159
0.06012616
-0.04270377
-0.00290803
-0.1123966
-0.01366211
0.05237127
0.005459379
0.002601215
-0.04084917
-0.0779037
0.1491778
0.0570617
0.08786711
0.0264329
-0.001073095
0.05890216
0.2223422
0.1008774
-0.04974935
-0.08583732
-0.1409035
-0.05954589
-0.0005441207
-0.2046452
-0.1965742
-0.1105337
0.07504024
0.03525586
0.194754
0.09204048
0.1953162
0.002364847
-0.03363588
0.00916857
-0.03787518
0.1630484
-0.07635308
-0.1992191
-0.1215686
0.05697719
-0.1025934
-0.1044011
-0.2516262
0.03174593
0.1863509
-0.09413736
0.001085578
-0.04592948
0.1114881
0.01603482
0.06726768
0.1106386
0.06586007
0.03725529
-0.1149034
-0.08278098
-0.09417756
0.01155802
-0.03195148
-0.0509134
-0.05724806
0.08382647
0.004196397
-0.01662078
0.007902039
-0.01654375
0.01876741
-0.01898026
-0.127075
0.1197668
-0.1585322
0.007327843
0.00468534
0.02336994
0.01931672
-0.08795346
0.08854588
0.02001841
-0.07033841
-0.1237519
0.01782142
0.01824235
-0.1437594
2.448371e-05
0.05924938
0.03326089
-0.04754443
0.06405058
-0.1896775
0.019439
-0.0900936
-0.002416438
0.03153503
-0.04596553
0.06049759
-0.006363249
0.007086635
0.0333594
0.1501722
-0.08947003
-0.05673685
-0.06173077
0.0716686
-0.01135268
-0.1478492
-0.02371228
0.05443253
0.005654578
0.008205191
0.01531504
-0.02259294
0.0225112
0.003571029
-0.07181203
-0.09638541
-0.05938201
0.2589927
0.0918734
0.09516437
-0.1964629
0.2000306
0.06669091
-0.1321996
-0.02182146
0.02860982
-0.06092524
0.1353562
-0.09847053
0.1298747
0.08281369
0.004583022
-0.05905412
-0.1649273
0.04408593
-0.1627255
0.117218
0.1142313
0.00278696
0.1702209
-0.07064753
0.1277609
0.1547098
-0.1027615
0.1840834
0.1865297
-0.06952285
-0.06299649
-0.1166228
0.2039024
-0.008744654
-0.03921542
0.1457617
0.0674241
0.1398786
-0.1600873
0.02826295
-0.04669679
0.1110716
0.1697708
0.1722784
0.05465052
-0.1266593
0.006701984
-0.03711089
-0.04460286
-0.05210935
0.06438582
-0.002443663
0.06299828
0.1969774
0.009204869
-0.2169869
0.0467169
0.04428114
-0.07570849
-0.019941
-0.03334486
-0.05441499
-0.01502204
0.09614165
0.0607064
0.02976016
0.02330166
0.1374647
0.1150442
-0.09925778
-0.1530201
-0.07742438
0.1425472
-0.0454159
0.2319726
-0.1842735
-0.0423512
0.07475685
-0.01628533
0.1463895
-0.1191275
0.08690349
-0.04792256
0.08001651
-0.1215198
0.09513098
0.1437117
-0.08687487
0.11179
0.1270976
0.09882683
-0.2917379
0.1209378
-0.05931655
-0.1023711
0.06252886
-0.2475835
0.002962105
-0.09920935
-0.0628095
-0.04692771
0.1132251
-0.05358528
-0.007305632
0.1522811
0.05795852
0.02153901
-0.09288148
0.0756986
-0.02964037
0.02610257
0.01138435
-0.01165664
-0.1517581
-0.02064728
0.09889406
-0.06697757
0.01620332
0.05252026
-0.005821766
-0.03903044
0.1162275
-0.1742264
-0.05731937
0.1024347
0.1216935
0.03370143
0.06082107
0.043364
0.04928705
0.01194828
0.004746117
-0.03751493
-0.111068
-0.01764465
-0.031205
0.1079566
0.1443524
0.03504484
-0.186147
0.0637129
-0.1748845
-0.03753218
-0.0770161
-0.003086352
-0.1389342
0.05228735
0.09763175
0.0477717
-0.07742288
0.1202999
-0.1368284
0.1164091
0.0761436
-0.06817324
-0.1683251
-0.0355137
-0.06610423
-0.04904259
-0.04185699
-0.0005786224
-0.2036881
-0.005240023
-0.06810714
0.1095283
0.08860411
-0.1111313
0.1301423
0.08333052
0.009964371
-0.09320952
-0.01155674
-0.2422151
0.1217813
-0.01359947
-0.02154853
0.06009179
0.09163668
-0.07882204
0.01080555
0.01550211
0.0512719
0.03098091
0.07638928
0.07884442
0.09797862
-0.07427912
0.007702148
-0.07759415
0.004614908
0.08041529
0.08094815
0.08801697
-0.05123754
0.01310733
0.01069568
-0.001691013
-0.1575522
0.125256
0.06107078
0.04428868
-0.04623577
0.02916676
0.004030327
-0.08005569
0.06674637
-0.0281417
0.07779554
-0.2044119
-0.06206908
-0.01469518
-0.04611623
-0.01868783
0.0924212
-0.05335731
0.03326302
-0.03512026
0.07236211
0.1110514
-0.05811012
-0.001975896
0.03909678
-0.09447362
0.05961041
0.206496
0.1359318
-0.1165122
-0.190397
-0.08067172
0.03122725
0.03265239
0.02877048
-0.02766565
0.02695959
0.03942204
-0.1390518
-0.1163921
-0.1399407
0.01576684
0.08329839
-0.104765
-0.03884592
-0.08841459
-0.06427187
-0.2667312
0.01755568
-0.03571299
-0.07774064
-0.1354558
0.1240583
0.1027397
0.04357832
-0.1910308
0.002343922
0.02703864
0.07796065
-0.01535945
-0.02448234
-0.05853757
-0.1124782
-0.08094632
0.02552321
0.2373762
-0.05611228
0.08878778
-0.1800755
-0.08852046
-0.03978669
0.1106704
0.006424995
0.3062721
-0.00959439
-0.008413888
-0.1297431
-0.06591117
-0.03785285
0.03714102
0.07213015
-0.06552963
0.08054286
-0.06542277
-0.1025384
-0.08359986
-0.1153508
0.01041403
-0.0002163964
0.1742629
0.03019505
0.07830799
-0.1274807
-0.02299455
0.2014295
0.0432052
-0.05708983
-0.01253169
-0.2404582
0.1826113
-0.1727031
0.1230415
-0.03472439
0.0591135
-0.1690078
0.02852904
-0.09883733
0.0008928019
0.0007622257
0.07395422
0.006762149
-0.124828
-0.04588456
0.07355843
0.03886699
-0.02725204
-0.08359386
-0.06486425
0.01612051
-0.003628563
0.07878493
-0.01494878
0.0523986
0.0291263
-0.09539769
0.1433241
0.2113653
-0.2604976
-0.04403515
0.03462779
-0.01433901
-0.007625349
-0.180458
-0.1780341
0.001410812
-0.05054077
0.05385773
0.1013766
0.07054068
0.01588879
0.05956685
-0.03068738
-0.1095337
0.08403764
0.02725449
-0.0774122
0.08153369
0.02029461
-0.1150472
0.09492799
-0.08493698
0.160413
-0.09188634
0.2953016
0.2383223
-0.0894626
0.01507836
0.002701078
-0.03374921
-0.007342456
0.05631256
0.1067579
-0.0795538
0.1237771
0.1871026
0.154484
-0.1357596
0.1015847
-0.07531557
-0.002849487
0.07287754
0.03712106
0.1568095
0.02676871
-0.02997256
0.01364305
0.04987341
0.1618096
-0.02595645
-0.2113522
-0.09223924
0.06053195
-0.2727232
-0.2837877
-0.01939045
-0.05147298
-0.130972
0.02037574
-0.0908386
-0.09870615
-0.1936183
-0.09077364
-0.07471281
0.03899424
-0.1343487
0.0478484
0.02449543
0.02754209
0.05825136
0.03404034
-0.0662505
0.05971257
-0.05112033
-0.172554
-0.01629749
0.01186001
-0.02480005
0.003623195
0.2058597
0.08846755
-0.02567631
-0.02877802
0.1041011
0.05401532
0.022586
-0.08765875
-0.08832703
-0.04007963
0.01418335
-0.1305059
-0.0159929
0.02093566
-0.04304858
0.003785134
-0.1801891
-0.1250729
-0.1332304
-0.07261734
0.05084183
0.02875905
-0.07515186
-0.02480878
-0.165647
0.1321077
0.3333474
-0.1059479
0.03527693
0.1582086
-0.06075558
-0.02489405
-0.01676443
-0.006296561
0.07586898
0.130754
-0.07721136
-0.0003657955
0.004710506
0.180625
-0.03735924
0.1465831
-0.01428175
0.08578519
0.01333752
0.1467038
-0.05369923
0.1370966
0.1111568
-0.1159388
-0.008324751
-0.2099047
0.03560984
0.01019466
0.1105667
0.06995072
-0.2498429
-0.118511
-0.08697138
0.09346843
-0.0230123
-0.1920135
0.07750993
-0.04480093
-0.02545729
-0.1182494
0.03504072
-0.09610576
0.1043974
0.04011625
0.1438334
0.06745158
-0.1066523
0.03572811
-0.0120145
0.02600409
-0.2084624
0.02219681
-0.09057315
0.08376868
0.05564948
0.04305365
0.0103221
-0.004970897
0.00299312
0.07112229
0.01903138
0.09328274
0.1018617
0.05836162
-0.001977302
0.06967979
0.0891534
-0.04823531
-0.1076805
0.1623368
-0.03991868
-0.09467571
0.02972215
-0.03928893
0.01232989
-0.1137982
0.1650279
0.07372431
0.005176341
0.04982103
0.2323718
-0.1482614
0.1526304
0.08434675
-0.100696
-0.08895428
-0.07192456
-0.02675474
-0.09915976
-0.03460671
0.08966151
-0.07077164
-0.1482711
-0.08821266
0.1032252
-0.009459822
0.1777961
-0.1872481
-0.0819118
-0.1994003
0.2549672
-0.04130601
0.02013705
-0.09895693
0.1434699
-0.1783409
-0.1072653
0.06881142
0.03839827
-0.005950949
0.1820578
-0.04851872
-0.04843458
0.0381258
0.1076514
0.03516756
-0.0308752
0.01381319
0.1176865
-0.064787
0.0350772
0.2040727
0.08406707
-0.06540325
0.1437428
-0.06299676
-0.06188761
0.01563705
0.03148635
-0.06419146
-0.04586842
-0.03735822
-0.04726135
-0.0521487
0.002985181
-0.02478766
-0.05197564
0.06575963
0.09521998
0.05856999
-0.1711152
0.07193463
-0.06106894
-0.2660828
-0.005753441
0.1136417
-0.07910332
0.1582404
0.01064737
-0.06076953
-0.02634611
0.09155505
0.1216779
0.06836284
-0.06620228
-0.2254407
0.05292706
-0.1084904
0.1573477
-0.3334296
-0.01267921
-0.07639697
0.070924
0.01398328
0.05901942
0.1676873
-0.1397258
0.03238692
-0.05514431
-0.102565
-0.03618773
0.01731561
0.002950993
-0.01526798
0.08711742
-0.09453404
-0.03140396
-0.04788373
-0.01131495
-0.02728688
-0.2136833
0.01544943
-0.005174285
-0.153473
-0.03575257
0.2345239
-0.03763085
0.03039669
-0.128967
-0.09959979
0.1241385
0.06046111
0.07201543
-0.08570159
-0.2180459
-0.02916618
0.1671818
0.03542014
-0.1935852
-0.01828674
-0.01858552
-0.0266061
-0.1898634
0.05146679
-0.08035703
-0.01261331
-0.09917505
-0.04593309
0.08516366
-0.1595409
-0.04042291
-0.1873828
-0.05021493
0.02721886
-0.1008481
-0.08908324
0.09902397
0.09456372
0.1391302
-0.01067031
-0.01582273
-0.004224007
0.06287066
-0.04983178
-0.01565052
-0.1485733
-0.06669413
-0.05408758
0.2095658
0.09833019
-0.1940769
-0.1632399
0.01094752
0.02101863
-0.1060898
-0.09582493
-0.0819301
0.1724009
0.1743034
0.0457193
0.04957531
-0.161045
-0.00996677
-0.04945404
0.002893245
-0.03276043
-0.001910281
0.1242174
0.06216392
0.04056307
-0.1090052
0.1541507
-0.05825976
-0.08976965
-0.1142331
-0.008929536
0.09446181
0.1300606
-0.04380613
-0.1490304
0.1584832
0.01414866
-0.07252015
-0.06597966
-0.02238248
0.06139428
0.1583317
-0.002153425
0.04517214
-0.01967436
0.1464064
-0.02800672
0.003821668
-0.01873783
-0.1198339
-0.03733446
0.04586535
-0.04980968
-0.08098215
0.1075457
0.05288485
0.06533764
-0.1979112
0.07693897
-0.1838158
-0.06253739
0.01347999
-0.00321358
-0.1641067
0.1901881
0.1918861
0.01863328
0.04150755
0.0245639
0.06753122
-0.2551628
-0.06899807
0.08738525
-0.02923105
-0.01626112
0.0004716922
-0.1750372
-0.008666524
-0.1862281
0.09056288
-0.07094067
-0.0747024
0.03086604
-0.02720551
0.1372689
-0.1542602
-0.2568634
-0.09079525
-0.116564
-0.1176688
-0.1084907
0.06761689
-0.2185187
0.03161755
-0.08521988
-0.05886161
-0.05373666
0.004127421
-0.09439667
-0.1470661
-0.03737657
-0.09773919
0.0644178
0.159528
-0.05700885
0.09920019
0.2580673
-0.2160831
-0.1662248
-0.05571338
0.1566355
0.1067989
0.07404279
-0.008331444
0.0009065752
-0.06493155
0.06219338
-0.1013451
0.09836543
0.03135322
0.007277722
0.03779624
-0.06352922
-0.1547742
-0.07109322
-0.08473508
-0.06038125
0.0705264
-0.06942685
-0.1297864
0.1495167
0.001235231
-0.05455811
0.05174647
0.05242427
0.1311563
0.146181
0.1414292
0.09954269
-0.1149186
-0.01221645
0.01968508
-0.05434428
-0.1303923
-0.04043461
-0.09151421
0.06908879
0.028321
0.05104282
0.2381985
-0.04377103
0.004702023
0.08113044
0.06803493
-0.1518828
-0.02125531
0.1588507
0.02452097
-0.02605624
0.03127938
0.04941215
-0.04819101
0.07389108
0.02998143
-0.1137445
0.01893146
0.06206039
0.004153256
0.1440656
0.2216945
-0.07544895
-0.0714413
0.1626684
0.3214622
-0.05325863
-0.05731146
-0.0116849
0.08294742
0.07513374
0.1382663
0.1512532
-0.08712588
0.06672811
-0.1394749
0.1219775
-0.01385843
-0.08248941
0.2382776
-0.01145679
0.03739717
0.05035602
-0.113403
0.0647567
0.04159131
-0.2429125
-0.1845318
0.003412771
-0.09084175
-0.1440212
-0.02475044
0.1114464
0.09097958
0.06069514
-0.02075977
0.04374418
0.2088547
0.07080885
0.05774626
-0.04131133
0.04009321
0.06323661
-0.07162355
0.1069821
-0.1413849
-0.03282019
0.2657271
0.02960293
-0.2218226
0.1283237
0.1055022
0.06350367
-0.07322563
-0.1248266
0.006918497
0.07673995
0.0345247
-0.07122717
-0.04816251
-0.06508114
0.1006983
0.04821157
-0.2076718
0.000675515
-0.04638495
-0.01218406
-0.06968758
-0.1871272
0.05322855
-0.09018931
0.178932
-0.05010192
-0.06422977
0.03122032
-0.05484489
-0.03166308
-0.1120034
-0.06654533
0.03287992
-0.1200342
0.008560605
-0.04240382
0.2175323
0.03504029
0.1201967
0.05095515
0.08203203
0.1064193
0.0214215
0.07847193
-0.09170177
0.1191914
-0.09119695
-0.132635
-0.1692299
-0.04501559
0.05611136
-0.0115149
0.0871306
-0.04766931
-0.06262078
0.05910872
0.05616781
-0.02056258
0.01223729
0.07215254
0.06317044
-0.07097803
-0.03788829
0.01135589
-0.2970946
-0.01867748
-0.05851988
-0.1341842
-0.01319775
0.025382
0.05338775
-0.01170914
0.02236438
0.0789922
-0.0675465
-0.09800596
-0.1331166
-0.02326701
-0.09581189
0.02265454
0.167096
-0.156108
-0.1302667
-0.04663352
0.1469083
-0.03646048
0.1629349
-0.120317
0.192548
-0.0901075
0.05493976
-0.06689034
-0.05434553
-0.1368068
-0.1482948
-0.03472994
-0.03338717
-0.03118826
0.1696236
-0.01933122
0.1395075
-0.1816903
-0.1030555
0.02894988
-0.2011898
0.02489589
0.0475312
0.04012935
-0.004100365
0.1577021
-0.009592062
-0.1919871
0.08433028
-0.06855371
-0.08563254
0.005005639
0.1392362
-0.0550023
-0.05357239
-0.05906965
-0.1252792
-0.1678116
-0.005723677
-0.05954446
0.05104355
-0.2426155
0.09423475
-0.06707375
0.005373872
0.01328481
0.06707359
0.1181267
-0.05306538
-0.120206
-0.01462449
0.1072891
0.06933571
0.1749503
-0.0709797
-0.09890819
0.07472356
0.03587091
-0.009733448
-0.2351727
-0.06243272
0.04332076
-0.05308058
0.06934616
-0.017165
-0.03537893
0.1419825
0.06392833
-0.01138794
-0.01545935
-0.08862564
0.1113221
0.03053396
-0.06042304
-0.001911037
-0.07345772
0.01053128
-0.01594563
-0.03807221
0.03017424
-0.2718539
-0.2081883
-0.1099974
0.1160255
-0.05337338
0.146857
0.125115
-0.05938854
-0.06054567
-0.009825816
-0.2007735
0.02908499
-0.1449698
-0.05223316
0.06701545
0.01797582
0.133694
-0.04857701
0.07123734
-0.101946
0.1200356
-0.1029054
0.1154881
0.02155345
0.1025448
0.2951361
0.02352894
-0.2095907
-0.01510036
0.07456752
0.2568271
0.06407562
0.1523714
0.04775836
-0.02473109
0.0765127
0.2378845
-0.005108101
0.2137116
-0.05642987
0.06571813
0.1385152
-0.1584921
0.04805455
-0.03795797
0.01585743
0.1623482
0.01536509
0.1189603
-0.04444727
0.1151854
-0.09870243
-0.2034209
0.02395935
0.1616736
0.0969974
0.03979129
0.1277329
-0.2075064
-0.09377376
0.05390942
-0.1446908
0.02167994
0.1342108
-0.05611381
0.232171
-0.05945287
-0.1014841
0.1525084
0.01867781
-0.07609706
0.07955391
0.04276967
-0.005427376
-0.0591331
0.07295555
-0.1313356
0.1196034
-0.01992535
0.267567
-0.04997368
0.08548024
0.008319874
0.07211218
0.01318235
-0.1468071
0.1905176
-0.05114012
0.07822761
-0.106796
0.01768938
-0.09236443
0.08432473
0.02660977
0.1966035
0.1013859
0.03423332
-0.04790803
-0.1366069
-0.1156509
0.02377957
-0.03111626
-0.0363793
0.2127156
0.0434732
-0.004203462
0.05215009
-0.09758426
0.2364355
-0.0849978
-0.02373112
-0.06542067
0.08769502
-0.07313308
0.2403405
0.1049317
0.009110032
0.07106342
0.1693685
0.009134062
-0.009330764
-0.02584194
0.07515034
-0.2273465
0.04188743
-0.04874479
0.06349239
0.003427053
0.1461057
-0.06509555
0.203596
0.1163023
0.02260435
0.1310287
-0.07930354
0.1530887
-0.1084978
0.1004436
0.2084421
0.2732619
0.07130455
-0.03336774
0.05792401
-0.09948035
0.02790077
-0.138219
-0.1212423
0.0239276
0.0362046
-0.2649836
-0.008594629
0.09725224
0.1317509
0.08673391
0.007741387
-0.05157344
0.05744634
-0.05464168
0.104564
-0.02918197
0.07331004
0.1619671
0.02365736
-0.145817
0.1437546
-0.1683594
-0.1525213
0.04817775
-0.101642
-0.05152393
0.1298624
-0.1582967
-0.01799833
-0.1272241
0.007265554
-0.144463
0.09312347
-0.2378758
0.2076296
0.06127317
0.008536025
0.1198836
0.05083119
-0.00990261
-0.02985944
0.03677299
0.05750244
-0.01892116
0.1792637
-0.01243607
0.02160985
-0.2167626
-0.1295089
-0.03381748
0.09526351
-0.1076336
0.08213611
-0.08335956
0.03861474
-0.1015292
-0.04161517
0.1786063
0.2157204
-0.0008665246
0.04126004
0.03901682
0.1585135
0.1064172
0.1352853
-0.09694904
0.09917097
0.1552755
0.04468824
-0.1023421
0.1637089
0.01527301
0.08293355
-0.03734515
0.2163292
-0.02438127
-0.1260105
0.004039879
0.04402737
0.05570649
0.1575966
0.08111337
-0.01088095
0.02449117
0.001510811
-0.07143491
0.09228812
0.2974844
0.1290577
0.1859815
-0.05379571
-0.03726451
-0.03367197
0.06335546
0.1032023
-0.02519678
-0.08787716
-0.06138125
-0.1002677
0.07778439
-0.01053013
-0.01456046
-0.04353506
0.04263249
0.08151855
-0.07036815
-0.2212273
0.1944608
-0.2310284
0.01840225
-0.01482485
-0.04685815
0.04169375
0.03674383
0.2157054
0.04098413
0.01459438
0.0709302
0.05495799
0.01219843
-0.0568327
-0.0108484
0.1858067
0.06029295
0.1295785
-0.0156386
-0.03291057
0.1201147
0.1121018
-0.0687902
0.029928
-0.1335681
0.01968104
-0.0209229
0.2441178
-0.09965004
-0.0750797
0.05564701
-0.01709526
0.02596375
0.03841931
0.1073058
-0.04876993
0.04426853
0.02715961
0.008648645
0.1344447
-0.03979593
-0.02721393
-0.08721706
-0.1565368
-0.1466757
0.02425656
-0.2234254
0.05401107
-0.007917637
0.08253695
-0.1082292
0.2854106
-0.05109756
0.09813439
-0.2171226
0.09572601
-0.05982267
0.01219694
-0.218446
0.05907966
-0.1811246
0.001406181
0.1666626
-0.1160901
0.06815411
-0.08739822
-0.08584607
-0.2351182
-0.01108927
0.02980783
0.06598699
-0.0001717749
-0.06269627
0.0202799
-0.1466579
0.1422381
0.09204136
-0.1240889
-0.263057
-0.0625434
-0.08165565
0.03373487
0.07575852
-0.01773124
-0.05194642
-0.149584
0.07480743
-0.02679166
-0.06490036
-0.0959017
0.006340436
0.02806896
-0.05361971
0.09457082
0.213835
0.1125557
0.01124877
0.07151598
0.1548726
-0.1152805
-0.01635017
0.0491055
-0.05764618
-0.1606963
-0.1150723
-0.05975776
-0.02594822
-0.03317727
0.2041684
0.0443919
0.1026918
0.1302938
0.0507995
0.05490545
-0.08294809
0.01099995
-0.02790005
0.01448475
-0.07825582
-0.01189523
-0.0005554983
0.01899044
0.03116695
0.1261293
-0.1131397
-0.06169702
0.06110087
-0.0259177
0.0770622
0.004490098
0.07159105
-0.1895937
-0.04391822
0.05529408
0.05938945
-0.04227889
-0.05506293
0.1087562
-0.09585894
0.2062654
-0.0666456
-0.1275491
-0.05076244
-0.248763
0.0805256
0.008905131
0.04801379
-0.0697617
0.09485045
-0.02875299
-0.05044595
-0.1191057
-0.1116043
0.07872539
0.06718535
0.1353523
0.04867936
0.06349162
0.008186798
0.002290164
-0.01844672
-0.001508566
-0.1467444
0.03973677
-0.0834775
0.06560794
-0.03596364
0.07112715
-0.0440637
-0.2319901
0.07856354
-0.03312659
-0.01404056
0.1689378
-0.09489992
0.1179266
-0.03098007
0.2197299
-0.1712421
-0.09793033
-0.0083446
-0.01763241
-0.05120698
-0.0241206
-0.04602736
0.04072709
0.1876228
0.03483177
-0.1761163
0.0478615
0.04141762
-0.1625974
-0.02635236
-0.009531751
0.03280125
-0.03958493
-0.0116682
0.07106555
-0.09455742
-0.1208042
0.1183988
-0.03241063
0.1064753
-0.03386163
0.2910788
0.06148883
0.04610167
-0.2163445
-0.09878103
-0.1435289
-0.09300433
0.2880333
0.06164425
0.07563941
0.02970684
-0.1719794
-0.009830176
-0.1157651
0.2422437
-0.06461357
-0.009544364
-0.2073892
0.05320374
0.1399734
-0.1314923
-0.07784926
-0.2378297
0.05288289
0.1279964
0.1524076
0.02969334
0.08011439
0.03129048
0.08700075
0.1191223
-0.06126934
-0.01975352
0.05217416
-0.06398666
0.04360289
-0.06298522
0.0967578
0.1030029
-0.2206609
-0.003251354
-0.05028243
0.02869073
-0.08962558
-0.0951915
0.06471646
-0.04350112
0.06979523
0.1196985
0.1633415
-0.07090185
0.2512653
0.05624051
0.009301951
0.08831491
-0.02119945
0.003973706
0.1671801
-0.03351991
0.2409292
0.02813828
0.06043451
-0.01221888
-0.01070313
0.05298914
0.1979356
0.04954585
-0.1578919
-0.01007947
-0.05271395
0.0002329714
-0.01674758
-0.02211637
-0.09232291
-0.1474677
-0.08035307
-0.087849
-0.1955885
-0.09481953
-0.07216446
-0.2096178
0.1017654
0.0921016
-0.1108299
0.03438538
0.03840243
-0.06168275
-0.08532271
0.0005966118
0.1246056
0.06262082
0.07194228
0.1947316
0.0262344
0.01467465
-0.1279294
0.1947721
0.08292231
0.009990779
-0.05635822
-0.04610829
0.02059079
-0.001814596
0.08674536
0.05033898
-0.08978117
0.03351669
0.005430966
-0.04028668
0.04781147
-0.03001896
-0.03774795
0.03810014
-0.188113
0.02480455
-0.144994
-0.01332062
0.0005529148
-0.07331698
0.05380943
0.07899551
-0.09557728
-0.03856843
-0.08918942
0.04227705
0.08283866
-0.05023705
-0.06448936
0.1178964
0.05973465
0.1083416
0.1912408
-0.179081
0.1064493
-0.002137975
-0.03016802
-0.07689689
-0.03902602
0.1699766
-0.0115398
-0.08846168
0.0140304
0.01512056
-0.0418909
-0.107084
0.03823544
0.06888724
-0.1529129
0.08704032
-0.07547749
0.1193818
0.08458886
-0.06764038
0.1716653
-0.009493966
-0.1010457
0.1057757
0.0007610441
0.2568751
0.0246701
-0.00691357
-0.1454486
-0.04511162
0.08374636
-0.02621692
0.11867
0.2003487
0.0519089
0.0429862
0.02595805
-0.03382312
-0.1228072
-0.03307892
-0.1357533
-0.08758586
0.1767133
-0.02468992
-0.006627837
-0.09494413
-0.1359831
-0.1875859
0.03497898
0.03295059
-0.03508727
-0.08358381
0.13963
0.0003931554
0.1070947
0.03925502
0.1175549
-0.01598963
0.1087496
0.1545748
0.02384657
-0.1236931
0.01758898
-0.2276441
-0.1074542
0.01052519
0.139742
-0.07671784
-0.3003329
-0.02827171
-0.04819173
0.1296516
-0.0768536
-0.1140673
-0.06769735
0.08073752
0.02152459
-0.1386243
0.0003932748
-0.01348576
0.1751134
-0.07879254
-0.007373079
0.0810556
0.01408536
0.00302451
-0.1662766
0.258301
0.01349074
0.06166018
-0.001906278
0.1271405
0.09864188
0.06728655
0.09921332
0.2806389
-0.01398778
0.01662666
-0.1538906
-0.04249845
-0.2225509
-0.1072937
-0.01786123
0.3033619
-0.005011457
-0.01107402
-0.05375986
-0.2018147
0.05224045
-0.01536289
0.1151468
0.09002703
-0.02440728
-0.1489931
0.05209262
-0.004615738
-0.03766776
-0.1149131
-0.008632607
0.04644842
-0.0006986001
0.003379261
0.1555542
-0.04028219
-0.007261921
-0.03615125
-0.211098
-0.07837805
-0.1115845
0.02648506
-0.1869526
0.03852228
0.1487938
-0.06736899
-0.1772134
0.008417098
0.009432976
-0.01535778
0.003325507
-0.05509516
0.004160295
-0.02663554
-0.04793385
-0.02756723
0.1331231
-0.1178317
-0.06182402
0.05252989
0.09364775
-0.05278747
-0.02838651
0.1059401
0.1084113
-0.1069232
0.07812508
0.007723905
0.0211705
0.09066794
-0.08691967
-0.05518449
0.1303224
-0.01985144
0.01514444
-0.3073089
-0.2066216
-0.02156731
-0.01879585
-0.01380117
-0.0157178
-0.02937163
-0.05907087
-0.105788
-0.1224234
-0.0124534
0.1194569
0.01663318
0.112451
-0.1239749
0.009771908
0.147211
0.1144583
0.07662705
-0.1581955
-0.1684559
0.09183898
-0.1011522
0.02917187
-0.1587095
-0.1215663
0.06531095
0.005244551
-0.0664982
-0.01241896
0.01773565
0.02793981
-0.002628464
0.1637611
-0.06367596
-0.1313706
-0.09625969
0.1066909
-0.04931518
-0.06422583
0.1236049
-0.02914969
-0.03235398
0.1947388
-0.187242
0.05199978
-0.01852967
-0.2332429
0.01443069
0.03253588
-0.03585005
-0.04596444
0.04349341
0.04279447
0.06981876
-0.06008785
-0.0593695
-0.1563751
-0.08380051
0.05682716
0.05331751
-0.07143942
-0.06258342
0.1443204
0.07102251
-0.1192189
0.04490029
0.08516045
0.001064607
-0.08682707
0.1542987
0.1704253
0.00720737
0.03646847
0.003776927
-0.04965787
0.008058335
0.02179859
-0.1014194
0.1194448
-0.01585929
0.08176938
-0.02902596
-0.05512804
-0.250975
0.04706712
0.004079552
0.119942
-0.09529945
-0.01050329
-0.1180758
-0.02018593
-0.04393136
0.03208218
0.2335089
-0.1118496
-0.04357021
0.05875117
-0.07720854
0.1225586
0.09243802
0.2441905
0.09688901
0.02843509
-0.007961658
0.2672102
0.1617837
0.07486529
0.01785417
0.155412
-0.1581362
-0.1408047
0.08360847
0.1686567
0.03512589
0.02629689
0.2928881
0.2037662
0.02914525
-0.06616407
-0.02662519
0.08937454
0.09187564
