0.6661089
0.116755
-0.1206205
0.1179855
0.01396393
0.4706544
0.4561735
0.3228697
-0.3563907
-0.2490318
-0.04973302
0.2361226
-0.1824835
0.5167028
-0.071608
0.07791693
0.0169389
0.3066392
-0.4942829
0.3861784
-0.06176223
-0.1842414
-0.7444646
0.7244533
0.2962651
-0.06353805
0.1540679
0.5697062
0.3319413
-0.2076885
0.3282776
0.1054814
-0.1268464
0.719679
0.241038
0.1592503
-0.0325961
-0.5297833
-0.2716584
0.1299992
-0.01074235
0.510609
0.4080014
0.2846668
-0.9706654
-0.001843088
-0.2519765
-0.5069112
-0.228717
-0.1797729
0.2743825
0.0251383
-0.1512686
0.7542634
-0.1123004
0.3285454
0.5874525
0.6540497
-0.02016118
0.4227647
-0.4956815
0.1038186
0.01142984
0.3940493
0.06795044
0.3127932
-0.4159217
-0.2924855
0.1208881
-0.4574977
-0.687921
-0.6773003
-0.2992612
-0.3958568
0.2741008
-0.9072848
-0.2062857
-0.07062824
0.4426169
0.1874309
-0.5587175
-0.3224843
-0.2961293
-0.4459652
0.549548
0.1854087
0.104882
0.4015985
-0.265167
0.3604122
-0.3362009
-0.6154577
0.2400189
-0.5663113
-0.6143515
0.1814876
0.0522805
0.2422011
0.2740364
0.1627896
0.6142559
-0.4055824
0.2038068
-0.3234833
-0.1677636
0.5973357
-0.224715
0.2553412
0.636878
-0.1873651
0.1064413
-0.5622616
0.1429068
-0.132581
-0.8737389
-0.03211988
0.2251835
-0.1088382
0.127694
-0.4183294
-0.006838867
-0.07966291
-0.6804173
0.7555436
0.06321195
-0.2224103
0.4585169
0.1924137
-0.2012268
0.2862374
0.1199282
0.183097
0.03026006
0.7790211
0.008056109
0.03325702
-0.1786689
0.01076493
0.2113494
-0.1318913
0.01943988
-0.1648725
-0.3103979
-0.2215975
-0.1811844
-0.3176219
-0.3127779
0.1918357
-0.4858028
0.2598628
-0.160731
0.09001088
-0.3212967
-0.2456729
0.4310608
0.06710133
0.2837225
0.1567968
0.01325508
0.2478857
0.7885018
0.3028267
-0.274439
-0.1134648
-0.2515445
-0.0797826
-0.4601066
-0.001931388
0.07269695
-0.4656449
0.0974231
0.1200481
-0.08027579
-0.02414255
-0.3082837
0.1175925
0.1382665
-0.01480629
0.06427649
0.2021762
0.6216686
-0.6212421
-0.147824
0.3186844
-0.5071561
-0.2758175
0.43342
-0.09182045
-0.1372514
0.5542541
0.07543067
0.581724
0.2429345
0.4721129
0.5644193
-0.02445728
0.3788142
-0.2544505
0.05796856
-0.3411537
0.4788411
0.04198182
-0.135286
-0.07305125
0.6722688
0.1141494
-0.3762929
-0.2873969
0.02027687
-0.0002727772
0.36751
0.2767761
0.03702005
-0.1219075
0.4264555
0.3942549
-0.1512213
0.1916212
-0.08345615
-0.6003194
0.1810753
0.1659191
-0.2691927
0.8401228
-0.2303166
-0.1334558
0.1070246
-0.1024093
0.110906
0.07737843
-0.3668628
0.358129
0.1869049
0.3738104
0.1845458
0.4579525
0.0008144839
0.4861891
0.6924048
0.03797113
0.06476528
-0.1568136
-0.1797756
0.2341522
0.5490907
-1.125936
-0.3297844
-0.3101583
0.3721342
0.2326567
0.1877791
-0.235264
0.1222019
-0.3025363
0.1997637
-0.1321496
-0.5041112
-0.007712992
0.2161237
0.4763678
0.07982654
-0.1443424
0.3641113
-0.7607772
0.2168701
0.2362773
0.173456
-0.2232441
-0.1642461
-0.1833269
0.02820264
0.06836057
0.2395319
0.2080958
0.3939313
-0.03702814
0.2531645
0.01733753
0.2233758
-0.2676374
-0.6247644
0.01029322
-0.09156276
-0.4395741
-0.0555086
0.3920668
-0.2813435
-0.01042072
-0.2673432
0.2086367
0.006353752
-0.04548767
0.3404311
0.4152372
0.09653973
-0.4996335
0.1566626
-0.6132141
0.007985217
0.2005792
0.1775166
-0.2642563
0.2671276
0.1463943
0.6204573
0.09081476
-0.1352458
-0.1393741
0.0531211
0.01880382
-0.7432734
0.2787289
-0.4974252
-0.02780624
0.1851689
-0.3277064
0.05583411
-0.5438687
-0.1102443
-0.3284937
0.2857966
-0.4307903
-0.2610756
-0.2126157
-0.03779243
-0.3734352
0.05471219
-0.9805538
0.3340975
0.8894354
-0.6701692
0.2738947
-0.3751932
0.05694908
-0.3053487
-0.0805747
-0.1706584
0.4851926
-0.00522722
0.1064279
0.4309258
-0.1369865
0.09024057
0.4059973
-0.9934259
0.2169565
0.2638543
-0.2394916
0.1484158
-0.2274786
0.5444768
-0.06006297
-0.5392041
0.2007734
-0.5628813
0.1950597
-0.5094288
-0.2689517
0.07166967
-0.3781526
-0.1074813
0.05518468
-0.7537182
-0.5290429
0.3748954
-0.4833492
0.1621795
-0.1583429
0.2638266
0.09293805
-0.06546907
0.102562
0.2945969
-0.7711675
-0.0379645
-0.244291
0.5642076
0.5411934
0.1348659
-0.1312993
0.1019541
0.287114
0.02209242
0.3460729
0.2517618
0.2717994
-0.5516687
0.2246122
-0.467651
-0.3052682
0.4644415
-0.4568875
0.6352312
0.1207363
-0.07196276
-0.2729039
-0.07364008
-0.5283235
0.2814765
-0.5622068
0.5161953
-0.05537829
-0.1016007
-0.1797644
0.01269515
0.5935459
0.0633697
0.4481552
0.5447728
-0.05365363
0.07738774
-0.3550059
0.2205475
-0.3605088
-0.05363233
-0.3540072
-0.5095065
-0.04739889
-0.2395862
0.570323
-0.8413657
-0.1085382
-0.03880557
0.1427496
0.2210535
0.1011262
-0.03148881
-0.2077601
-0.05648854
0.360406
-0.04954194
0.5427953
0.2066031
-0.2812787
0.05547527
-0.6625709
-0.379445
0.4260132
-0.2903511
-0.2424681
-0.05700253
-0.2574645
0.5978289
-0.06833657
0.6183718
-0.2855059
-0.1666895
-0.1913339
0.2617131
0.2515649
0.190166
-0.3669251
0.3381352
0.3016696
-0.2428735
0.08061005
0.5805217
-0.05139975
0.3995141
-0.1265772
-0.4483549
0.1706822
-0.3190377
0.2630638
0.1757609
0.5756476
0.1899903
-0.1132301
-0.3131415
-0.4269163
0.05189463
-0.0704098
0.5270986
0.4891971
-0.4103235
0.07543717
0.1770962
-0.06052198
0.444242
-0.6355493
-0.4232201
0.2487845
-0.3231996
0.7029555
0.2303211
0.1888755
0.6948708
-0.2119882
0.1272443
0.1478496
-0.1514479
0.08387745
0.01580704
0.5200656
0.3468548
-0.1066031
0.4124703
0.2656203
-0.02274463
0.3722579
0.1459776
0.5067888
-0.02909693
0.3547688
0.02224051
-0.2412096
-0.1530174
-0.8469029
-0.07157245
-0.1741627
-0.2844916
0.6638621
0.3374914
0.2087373
0.3504179
0.08210356
0.02697395
-0.1590889
0.715978
0.2520387
0.005413818
0.03002028
-0.2154831
0.291649
-0.1226674
-0.1266137
-0.3140168
0.183382
0.1693933
-0.03633603
0.02169646
0.07365253
-0.03656086
-0.215655
0.4582542
0.551079
0.3823106
-0.06733138
-0.09327078
-0.4455477
-0.00111677
-0.2623323
-0.2163795
0.1243738
-0.2200011
-0.3643502
-0.2751244
-0.2128851
-0.6005869
-0.4064301
0.04733238
-0.1721452
0.03856073
-0.3038904
0.4525408
0.1030541
-0.158762
0.33367
0.1176117
-0.2769802
-0.3867491
0.1853473
-0.1646687
0.3806892
-0.1213335
-0.2453017
-0.1595727
-0.3905739
-0.4359785
-0.1345957
-0.03542938
-0.2425077
0.1263468
-0.7381104
-0.01057294
0.683756
0.4288005
-0.1264445
-0.588157
0.8405705
0.1244729
-0.01110263
-0.1745074
0.0733203
-0.04361096
-0.1668644
-0.3747722
-0.4592105
0.235263
-0.2754771
0.3333769
-0.1722084
0.282261
0.4004754
-0.333444
0.4728811
-0.2884305
-0.1483182
0.3443298
-0.7510059
-0.1693784
-0.3033335
0.5127466
-0.2130479
0.3844735
0.857155
-0.07509984
0.2104419
0.2706109
0.3649993
-0.3184546
-0.3967006
0.1449034
0.703454
-0.1407486
-0.3518547
0.3405067
0.1743332
-0.4260544
-0.6256252
0.2046083
-0.3593262
0.3201921
-0.09895923
0.5086504
-0.1709275
0.3571166
0.3594858
0.1901772
0.4558393
-0.4581578
-0.01123948
0.3182979
-0.4886798
0.05464766
0.437535
0.5863707
0.2271434
0.3061053
0.0407152
0.162406
-0.5753996
-0.08993009
-0.2755844
-0.186468
-0.0932544
0.1359271
-0.249996
0.6094334
-0.0665525
-0.0847555
-0.2066776
0.2481323
-0.2108966
0.2822205
0.1265207
-0.2006699
0.06326622
0.03778891
0.2207142
0.05469769
0.1002086
0.2426028
-0.1283457
0.1943989
0.3450521
0.06834542
-0.09208425
0.2964754
-0.3115065
0.3207036
0.086655
-0.4927493
0.05227889
0.2979013
-0.5941322
-0.05669348
0.3368121
-0.2198641
0.1166678
-0.1668705
0.1028939
0.3499854
0.06700558
-0.1600393
-0.1328723
-0.4305158
-0.3107443
-0.2546338
-0.4685403
-0.4702013
0.1224188
-0.2357208
-0.2716713
0.2463285
-0.2026669
-0.3828477
-0.1271619
0.1720465
0.1751385
-0.5480717
-0.06498967
-0.2306453
-0.7865556
-0.08989817
0.03897085
-0.2039482
0.07737221
0.8012372
0.1181657
0.01266299
-0.3083292
0.02199136
0.06629665
0.6078884
0.1901223
0.4688964
-0.1064354
0.1588306
0.04776916
0.1442488
-0.2329038
-0.6386722
0.04974978
0.2343153
0.1925967
0.3969722
0.3969059
-0.1168584
0.0838384
-0.07609636
-0.9156522
-0.3637089
-0.2859616
-0.1653278
0.07823762
-0.1024127
0.08183592
-0.06714122
-0.1677614
0.6283651
0.4157559
-0.07422177
0.2936644
-0.5491061
0.5846944
0.2787711
0.08201864
0.3064408
0.8006211
-0.4114684
-0.9174481
0.6457922
0.4345438
0.06024164
0.03802617
0.1336668
-0.3721689
0.0889628
-0.17718
0.4617977
-0.4388441
0.1496656
-0.2862889
-0.1183899
-0.1837795
0.03114815
0.4730459
0.03859944
-0.477138
-0.6752252
0.03932182
0.4000483
0.2384964
0.08562893
-0.1818747
-0.1675398
0.1380287
0.2071003
-0.5256726
0.289039
-0.1256338
-0.1171777
-0.02317857
-0.06788958
-0.2351544
0.2154815
-0.7610102
-0.3706517
0.05100683
0.3987708
0.1460608
0.01204551
0.6188921
0.2702328
-0.02158028
-0.05502972
-0.2957321
-0.6741528
-0.5069013
0.3678792
0.2577941
-0.3203887
-0.0003907319
0.0221925
-0.1053442
0.3743061
0.4440998
0.3107526
-0.04436305
-0.4831407
-0.1775746
0.1834787
-0.2416185
0.3895709
0.5135604
-0.5804546
0.3047396
0.4837717
-0.012864
-0.02063277
-0.3437553
-0.1966677
-0.2822136
-0.5305705
0.1383337
-0.3951568
0.2072563
-0.7601655
0.2250817
-0.4604428
0.3128347
-0.3495
0.5097853
0.378686
-0.05199531
0.05488123
0.3415681
0.3599675
0.05318289
-0.1056421
0.22015
0.3476855
0.6999165
0.7447411
0.5073225
0.1350416
-0.04492651
-0.3764277
-0.1589053
0.5307147
-0.1203573
0.2702332
-0.5747328
-0.0430543
0.03391253
-0.0357595
0.01855166
0.168777
-0.2409546
-0.3967775
0.1183305
-0.3825742
-0.1030983
0.0610436
-0.2568345
0.04559343
-0.4392781
-0.1576367
0.1955804
0.1314036
0.641603
-0.1887229
0.1147591
0.03615866
-0.4135739
0.4415279
-0.5266413
0.0228559
0.4938019
0.3425723
0.4502659
0.1080744
-0.258025
-0.4863094
-0.5663653
-0.03520448
-0.2978258
0.1651682
0.01736702
0.2689627
-0.1698424
-0.04927817
0.2214434
-0.5006728
-0.03557812
0.3001869
-0.6355743
0.0488201
0.2736237
0.05785567
-0.1539435
-0.5712182
0.2800044
0.04034173
0.1542123
0.2707227
-0.1051696
0.07269432
-0.2998826
0.02477669
-0.005383997
0.3335047
0.5671332
0.2016567
0.5240799
0.07764654
0.258891
-0.1913869
-0.2294319
0.1796614
0.2314198
0.6274446
-0.2935021
0.01054515
0.500746
-0.1597106
-0.07954098
0.5276603
-0.36186
0.359103
0.2278208
0.1883445
-0.2723272
0.6035057
-0.7263047
-0.5519965
0.8379115
-0.795706
-0.6454274
-0.1359869
-0.5350246
-0.2486315
0.3060919
-0.1745571
0.5589398
0.9181843
-0.5389148
0.307078
0.2796749
0.06956805
0.7607418
0.2294597
0.6554759
-0.4384288
-0.0232644
-0.05327768
0.4825997
0.9528442
-0.2699926
-0.2200647
-0.3276829
-0.08913719
0.2495117
-0.4621337
-0.1955632
0.282156
-0.8740713
-1.091878
1.016878
-0.06811031
-0.004400177
0.7883302
-0.4447064
0.1685303
-0.0129085
0.5498538
-0.8560491
0.2504364
0.256579
-0.3632387
-0.2032589
-0.177355
0.5532525
0.02798234
0.3579953
0.2736093
0.2601991
0.1140037
0.3999492
0.2406592
0.3761186
0.09218518
0.3742089
0.8463224
0.05187726
0.2435042
0.2348227
-0.4521007
-0.1173434
-0.04991189
-0.05218916
0.07569605
0.5164364
-0.2928536
0.09850306
0.09297615
-0.3906353
0.1967229
0.179636
-0.2053157
-0.1518931
-0.1028797
-0.2938664
0.7081256
0.06264985
0.2716356
0.294068
0.05914456
-0.5480587
-0.06819727
-0.4189699
0.1823156
0.4492504
0.003099593
-0.7586361
-0.1377171
-0.3547474
-0.398439
-0.06290364
0.5669518
-0.28742
0.1297217
-0.01712442
0.1519045
-0.05852902
-0.01333536
0.6304275
0.2089357
-0.5687132
-0.03750258
-0.1309845
0.5144284
-0.7246898
-0.02937078
0.4517026
0.2192967
0.2038821
-0.1212423
-0.070999
-0.2628171
0.03940057
0.2213067
0.2736291
0.9357785
-0.1567051
0.2499279
0.4597405
-0.3317583
0.08760658
0.5167571
0.2965524
0.01826385
-0.05675473
0.5703751
-0.1106421
0.6764443
-0.1548797
0.04215708
0.4772586
-0.2692289
-0.07522339
0.1634877
0.1063568
-0.07904353
-0.01489367
-0.5528971
-0.472264
0.005137719
0.2436304
0.1341334
-0.03480584
0.04339587
0.241858
0.3690998
0.2427653
0.269007
-0.4283964
-0.1836494
0.5127655
0.1164459
0.3877863
0.5250072
-0.1752883
0.310699
-0.04046994
-0.5685494
0.2777495
-0.09162673
-0.4654406
-0.7690054
-0.2538449
-0.4374941
0.2240757
-0.6552968
-0.3470934
0.04441167
-0.4004102
0.133439
-0.301533
-0.08305633
-0.1386695
0.3130562
0.2079849
0.04887836
0.2273547
0.5281231
-0.1297905
-0.168143
-0.3721568
0.4863836
0.2642088
0.0172645
-0.2364652
0.4621175
-0.4828133
-0.604279
0.3119273
0.3150409
-0.3346168
0.5225253
0.1768666
-0.5531883
0.1782921
0.04905989
0.3228286
0.6093427
0.02801647
-0.5618367
-0.001038955
0.5686487
0.1987756
-0.1489477
-0.8241281
-0.1311167
0.7285911
0.3877314
0.02807018
-0.3353283
-0.1752531
-0.5318979
-0.2667654
0.1498368
0.5112063
0.216496
-0.1661465
0.06166292
0.08313903
-0.1012661
-0.3655991
0.01933792
0.4977823
0.07708481
-0.1663774
0.1441656
-0.2847569
0.4175204
-0.8956024
0.2704389
-0.2423819
0.1904569
0.1303869
-0.1522891
0.1194591
-0.1532288
0.3059395
0.1350382
0.1092942
-0.1961656
-0.1509391
-0.5935637
-0.1386137
-0.04338701
-0.33249
-0.9393857
-0.1259657
-0.6301956
0.07820113
0.9528769
0.597352
0.3165179
-0.3165747
0.09857456
0.09854411
-0.1166725
-0.2672799
-0.2613188
-0.009890349
0.1182228
-0.1585256
0.6344974
-0.08597631
-0.2428611
-0.3519446
-0.5673411
-0.1224122
-0.2106627
0.2382776
-0.2743229
-0.186213
-0.2537477
0.2954292
0.7761412
-0.03750358
0.04180647
-0.03209147
0.2828723
-0.5946167
-0.0938361
0.5762946
-0.6006694
0.02641658
-0.1072869
-0.4803699
0.2083934
-0.3151302
0.3578362
-0.07681762
0.1429468
-0.3504132
-0.5214502
0.2740429
0.4181733
0.411718
-0.167668
0.2440181
0.09271593
0.3299697
-0.7637182
-0.2014262
-0.1438182
-0.1170247
-0.7140282
0.1425191
0.3789212
-0.1557609
-0.1420804
0.3330558
0.0202137
0.2844007
0.03304115
0.1005187
0.1775612
-0.01160856
-0.09551799
0.7922185
-0.1958227
-0.582168
-0.9867203
0.07328598
-0.434247
-0.1082984
-0.3883871
-0.04512002
0.6967768
-0.05518794
-0.1402275
-0.4110305
-0.3771098
-0.6265069
-0.05207953
-0.1602976
0.3360019
-0.2667261
-0.2951551
0.7009046
0.02127193
0.3570125
0.5261183
-0.02261041
0.324646
-0.0431534
-0.03752674
-0.4253639
0.3523113
0.254574
0.40038
-0.2350989
0.3967758
0.1985374
0.1887166
0.1410624
0.08956453
-0.2927337
0.1635962
0.6761494
0.2088437
0.4590424
-0.3322348
-0.08386072
-0.2971586
0.006647044
-0.3816703
0.4207626
-0.7322067
-0.2291665
0.3882117
0.2711223
0.6577179
-0.2125027
-0.2542902
0.2768342
-0.2488688
-0.6231199
0.01348743
-0.07769105
0.5778682
0.07457565
0.1790562
0.2354438
-0.07854627
-0.323337
-0.1225708
-0.8348833
0.1761165
0.04514973
-0.5660698
-0.7748968
0.1793979
-0.4133236
0.07884769
0.449624
-0.1434113
-0.3013866
-0.304722
0.4333162
0.2361827
0.659354
-0.2586065
-0.1747915
-0.2575617
0.1281519
0.3125117
0.47722
-0.1395248
0.4910585
-0.4115011
-0.09435161
-0.0210773
-0.1248486
0.4668435
-0.9601429
0.03827766
0.3967528
0.1633012
0.2414156
0.08647725
-0.01958809
0.1578873
0.2664143
0.2950269
0.01170606
0.01688578
-0.137941
0.50788
-0.08263321
0.7218501
0.004355224
-0.1259428
0.1146563
-0.5277375
-0.1400518
0.05896389
-0.2521247
-0.3129005
0.6389607
-0.5471845
-0.1851515
-0.7527468
-0.4765994
0.3746825
0.1083334
-0.2042152
-0.1018168
-0.2699029
0.3309985
-0.1723317
-0.2946627
-0.2913379
0.2813348
0.07701854
-0.4643912
-0.755355
-0.01870233
-0.1558559
-0.01054482
0.1914072
-0.9222152
0.4652987
-0.3618275
0.05019712
-0.1910811
-0.06741208
0.2170882
-0.08289977
0.2526958
-0.7053298
0.4053888
-0.2805041
-0.09709781
-0.1636033
0.2068849
-0.7775874
-0.7062732
0.1350831
0.1880699
0.2434902
0.06036794
0.4918175
-0.2549193
-0.714371
0.4046042
-0.5076903
-0.1231466
0.05365509
0.8046829
0.0007171698
-0.379357
-0.2968922
-0.003317071
-0.6293501
-0.06081927
-0.2235418
-0.2421931
-0.2638234
-0.492346
-0.1727973
0.2537541
-0.06895356
-0.3204222
0.5599906
0.02453025
-0.3558594
0.4718207
0.4113096
0.6243912
-0.4487203
0.4917333
-0.34936
-0.04831622
-0.4226298
0.2228498
-0.07190728
-0.04263115
-0.4012978
0.0239257
-0.1009848
-0.8261306
-0.03522474
0.2262909
0.07012033
0.1992534
0.0237949
-0.1640094
0.02631598
0.04515289
-0.7948691
0.8187006
0.3299441
0.4988172
-0.4386504
-0.1499405
-0.3009776
-0.1634099
-0.4090671
-0.0428301
0.04768519
0.1623542
0.1758709
-0.322544
-0.3934045
-0.3157964
0.4357336
-0.5097058
-0.299494
0.01429961
-0.5352409
0.568315
-0.05572444
-0.1960473
-0.3720086
0.4066783
-0.04700075
0.1761316
-0.2378434
0.02634062
-0.007393304
-0.2444886
-0.149444
0.2756564
0.2592193
-0.5691514
-0.2131444
-0.8866952
0.09238122
-0.6490119
0.09079548
-0.3141134
0.4214461
-0.5269276
-0.7878347
-0.01193626
-0.4108976
0.2318366
0.2823581
-0.3721548
0.1858295
0.5351375
0.3741901
-0.1766358
0.2058459
-0.01619915
0.1654317
0.1844942
0.4472619
0.6980628
-0.03805561
0.02862618
0.1761304
-0.03844619
-0.1501645
-0.291829
0.2246776
-0.003846774
-0.1234079
0.230398
0.07258853
-0.04306474
-0.1236139
0.4776641
-0.1311861
-0.3329788
0.511086
0.1657637
-0.02897891
-0.28473
-0.6413858
0.1036111
-0.3391003
0.3663861
0.3907012
-0.06576117
-0.244819
0.3198232
-0.2297255
-0.1397906
0.116584
-0.4110649
0.1095201
0.1868714
0.1532117
-0.5640577
-0.2420446
-0.5819239
0.2492413
0.4996815
-0.0580087
-0.2137924
-0.1463346
-0.02681209
-0.1966299
0.5042818
-0.1647256
0.7778128
0.08451292
-0.06492245
-0.04691749
-0.02969901
-0.01361375
-0.8093978
-0.249989
0.1351393
0.7008994
0.1266966
0.5819469
0.4089134
-0.3200574
-0.3400326
0.06161329
0.6535045
-0.6346917
-0.1257318
0.3804781
0.3311491
-0.174876
-0.05402824
0.429475
0.2873885
-0.5476433
-0.2810232
0.2201032
-0.3766046
0.4901081
-0.3750801
-0.4459782
-0.4506943
-0.01399241
-0.4014973
0.1176166
-0.3054327
-0.1841556
0.3354453
-0.2205163
0.476106
-0.2259461
-0.1223318
0.4185719
-0.267566
-0.1409209
-0.3842384
0.05499818
0.9180923
-0.3995554
0.08102989
0.02110511
-0.2409679
0.0483155
0.2567007
-0.02218439
-0.2353161
0.1368125
-0.3672192
0.5027398
0.1915574
-0.6745636
-0.5580568
0.1911049
-0.02406215
-0.1677564
0.2865311
-0.371267
-0.5201143
0.0003016232
-0.0814711
-0.7757167
0.1833576
-0.2823117
0.04108963
0.6345305
0.3417915
-0.1982422
0.1131508
0.2456702
-0.3951256
0.07098552
-0.3402881
-0.07268882
0.1905557
-0.248958
-0.1485886
0.4101075
0.11808
-0.3189406
0.1759385
0.07254392
0.5053356
0.2428367
0.9582411
-0.2090121
-0.3540935
0.4506658
-0.2262778
0.08691228
0.6994963
0.3856972
0.2286634
-0.2824563
-0.0007060667
-0.008894954
-0.01226788
-0.1139456
0.2422417
-0.1543941
0.6530904
-0.3055065
0.1356058
-0.235084
0.07388485
0.9177104
0.2044963
-0.08404388
-0.3411383
0.09035201
0.1074725
0.006962402
-0.6038171
0.01441835
0.1933441
0.1719855
0.305202
0.3624643
0.3720371
0.3740169
0.4616372
-0.4118921
-0.2062613
-0.314043
0.03641242
0.1694246
-0.06179633
0.5917592
-0.322749
-0.158295
0.3826938
-0.09894741
0.2263057
-0.1388651
0.1602324
0.01219015
0.1792906
-0.307263
0.2637119
-0.06047067
0.1902928
-0.495998
-0.2576104
-0.1830544
-0.3438895
-0.005733132
0.2346967
-0.3900784
-0.4009256
0.1770811
-0.1169441
-0.34282
-0.2631369
0.3896652
-0.00284871
-0.1224698
-0.1276291
-0.3364424
-0.2293397
0.05442003
0.05629091
0.2142202
-0.3239985
-0.06374847
0.03033787
-0.2430564
0.1900214
-0.3337526
-0.4048546
0.2282547
0.3720842
0.005542101
-0.1922878
-0.08666971
-0.2835715
-0.8533357
-0.7954931
0.210965
-0.2332727
0.1471177
0.0132385
0.2200139
-0.4386863
0.3315089
0.177912
-0.228177
0.2824564
-0.4279143
-0.4582291
-0.1954122
0.3303832
0.194188
0.5524797
-0.0118248
0.2667812
-0.08239642
0.1868111
0.3251024
-0.03817061
0.1482439
0.1778863
-0.3101587
-0.1694498
0.2918483
-0.4658076
-0.4775104
0.1106582
-0.1508428
0.2893341
-0.1063475
-0.005147981
-0.2029092
0.02955014
-0.02112356
-0.4864271
-0.2414927
-0.2167744
-0.2286057
0.02639262
-0.4284088
-0.06283374
-0.5713665
0.4821591
0.1031088
-0.2293291
0.1025901
0.1078222
0.3709652
0.1640963
0.3429304
0.6006607
-0.383924
-0.005756836
0.01981316
0.6572948
0.05343379
-0.2666389
-0.6070589
-0.8900228
0.4043526
0.1671489
-0.03441742
-0.4217305
0.4741828
-0.1243177
0.4160678
0.3052884
0.1525238
0.8097867
-0.05184365
-0.2844063
0.3176846
0.03143861
-0.7227149
-0.10538
0.5333842
0.1619524
-0.1634603
0.9686586
0.1789891
0.693891
0.07007817
0.3989392
0.3319681
0.2981636
0.2881477
-0.05626456
-0.1802507
-0.1323639
-0.06633297
-0.2090424
-0.5172591
-0.6196116
0.6311212
-0.156602
-0.3474256
0.5632224
-0.5950369
-0.2997581
-0.7197457
0.1531613
0.1211699
0.08664992
0.0760213
0.5186802
-0.8197614
0.6078045
0.2291096
-0.02617327
-0.2231969
0.4237654
-0.2021925
-0.3000478
0.4990311
0.03231226
-0.4934184
0.6628716
-0.4565688
-0.4816199
0.1284412
0.1091658
-0.638123
0.3130698
-0.03914658
-0.1394695
0.6982088
-0.5849593
0.07000957
0.3988601
0.07205906
-0.7057047
0.07175848
0.07549759
0.2754553
-0.4309836
-0.246682
0.2216247
-0.3117244
-0.8875794
0.05015221
0.2478053
-0.07562166
0.385466
-0.01881859
-0.06607933
0.05643459
0.7063114
0.1757829
-0.4184401
0.05140203
0.1138165
-0.1578607
-0.495527
-0.2527797
0.3846252
0.1278531
0.006256703
0.2799871
0.1924277
-0.006671556
-0.3755675
0.1372393
0.1477638
0.1235691
0.3520703
0.04208602
0.02869272
-0.05634842
0.3132699
0.02697374
0.03763477
-0.1893054
-0.8847452
0.1865165
-0.02225106
-0.2428356
0.1311092
-0.04786198
0.5393911
-0.2357233
-0.02376928
0.4175039
-0.6384382
-0.3797595
0.3345335
-0.7089466
0.395828
0.2337831
-0.2764372
0.3941972
0.2350308
-0.1777286
-0.1646567
-0.003196046
-0.02893039
0.4203292
-0.02368999
0.1042842
-0.4225417
0.3148193
0.01948748
0.3133096
-0.02817807
-0.6709386
0.7124999
-0.1604394
-0.2552917
0.1700867
0.161062
0.1340805
-0.3620208
1.12449
-0.03657771
-0.5027139
0.3467785
0.4697984
0.533295
0.1059749
0.277566
-0.2816889
-0.3393515
-0.4872973
0.440838
-0.220234
0.1036988
-0.02081242
0.3173913
-0.1449886
-0.2071716
0.05567971
0.3884611
-0.1709386
0.4340679
-0.1642639
0.8193192
-0.2465882
-0.457013
0.06223958
0.1604142
0.1187416
-0.03316814
0.003029443
0.2523011
-0.4988208
-0.484537
-0.3215126
0.1827711
-0.2390431
-0.1957189
-0.6541937
0.5312308
-0.1909324
-0.1442424
0.01903405
-0.8302259
0.6220115
-0.05698435
0.179555
-0.4038476
0.2292861
-0.1196955
0.8205397
0.4559337
0.3522123
-0.1139936
0.09872999
-0.591774
-0.3067007
-0.101147
0.3712945
0.08834736
0.03416392
0.2064406
0.4000915
-0.211901
-0.5783444
0.5110041
0.1728862
-0.284825
-0.3474976
0.2280655
0.01644875
0.3836219
-0.4183222
-0.08235375
0.381306
-0.003898031
0.2265512
0.1844053
0.6902568
-0.5809513
-0.127212
0.009848742
0.08400438
-0.7566052
-0.6389427
-0.314645
-0.5430288
-0.3821188
0.4351406
0.0604479
0.02001609
0.05364234
0.5137194
-0.2322372
-0.09941477
-0.2326835
0.1266719
-0.09446413
-0.543803
0.01655365
0.05553814
-0.3257822
0.003894041
-0.002290465
-0.134698
0.1693913
0.05421407
-0.4672106
-0.06140371
0.09542253
-0.06317435
0.02908967
-0.4019242
0.1648253
0.1120184
0.1240176
-0.03800474
-0.6636972
0.3480358
-0.7113753
0.04097565
-0.1684852
-0.05257467
0.6000073
0.2350799
0.6661617
0.2899353
0.5107663
0.03764227
0.120336
-0.137177
0.3290714
0.3092961
-0.2967954
0.391472
-0.0817939
-0.07148331
0.7729788
-0.2892263
-0.2839678
0.234146
0.08833143
-0.2224248
-0.08542815
0.1864613
0.3006048
0.4517326
-0.5283024
-0.08663638
-0.06024582
-0.2980577
-0.06886138
-0.2488359
0.1005276
-0.477767
0.4352915
-0.4934505
0.03011787
-0.129326
0.4988582
0.2682472
0.7366097
0.3514319
-0.4829311
-0.4192123
0.07187402
-0.3074673
0.4009849
-0.1463924
0.1997576
0.2468029
0.2481469
0.3322709
-0.4016105
-0.6406627
0.1130549
0.1480512
-0.4394183
-0.3594741
0.1474113
0.06855649
-0.9170455
0.1934824
0.08116695
0.01140349
-0.242298
-0.2281312
-0.6382865
0.1015317
-0.3856768
0.1731284
-0.04089259
0.1282358
-0.4522794
0.330163
0.3419805
0.456401
0.03658151
-0.2701139
-0.1076463
-0.6924374
0.4071581
0.4467321
-0.1178894
0.2872513
0.4109321
0.4285973
0.1706046
0.333832
-0.07182777
-0.2204084
-0.13083
-0.3221075
0.1542479
0.3850917
0.06222022
-0.07469772
-0.1537151
-0.5146049
0.3512812
-0.1476663
0.05874067
-0.3962035
-0.3649209
0.5855619
-0.08261535
0.09230617
-0.05674296
0.6136873
-0.03938977
0.7511636
-0.01989012
0.1857322
0.2522475
-0.1107889
0.1634981
0.3695569
0.4451183
0.2641924
-0.356478
0.3281315
0.5436987
0.04341675
0.2790125
0.2293316
-0.5789305
0.3151709
0.02196798
0.03906259
0.07114011
0.2486822
-0.3284007
0.6056349
0.5407803
-0.3165602
0.2472086
0.3316917
-0.4284717
0.1352561
-0.4871719
-0.7972871
0.2121897
0.3130108
0.1057618
0.4262729
-0.483067
0.6526496
0.5709351
-0.1641813
0.03551932
-0.5036221
-0.1036681
-0.01168267
-0.2587212
0.1970464
0.2758837
-0.2327739
-0.7531006
0.04434903
-0.5046062
-0.1173952
0.324939
0.1571876
-0.7859843
0.02498368
0.6057471
-0.4552704
-0.1046755
0.2419497
-0.1827314
-0.3337326
-0.006540633
0.01246483
-0.2825827
0.5891206
-0.4435337
-0.283338
0.2171279
-0.5479034
-0.3643393
0.7391956
-0.2375279
0.2914598
-0.3718482
0.4519096
-0.5885336
0.2543037
0.1124846
-0.319269
-0.03199253
-0.3559763
-0.659541
-0.03528827
-0.06822806
0.01862283
0.09478548
-0.03785933
0.2457224
0.3387162
0.1148685
0.2306669
-0.01990193
-0.3012517
0.5139777
-0.3704456
0.05108275
0.2273058
-0.2276435
-0.2348308
-0.5114311
0.3281476
0.2546138
-0.6059464
0.5100977
-0.05846579
0.4229865
0.1413914
-0.27509
0.1822507
-0.8721201
-0.4822525
0.7182652
-0.0006838949
0.08094868
-0.09430159
-0.04371058
0.2754446
-0.2701992
0.4603714
-0.2281665
-0.03111771
-0.2079464
-0.5123809
0.2886597
-0.1747458
0.1984123
-0.2299896
0.3573604
-0.4036223
0.1316298
0.5427944
0.3332192
-0.03768502
0.181283
0.1416147
-0.6807938
0.2151883
-0.02472151
0.254898
0.07744496
-0.2956218
0.5534753
0.09036135
0.02663659
-0.08148816
0.2005173
0.07864493
-0.2060352
0.1581408
0.1431775
-0.1377087
-0.5893492
-0.01680426
0.1953988
-0.3738936
-0.2368659
-0.146248
0.1132814
-0.1344275
-0.3518936
-0.7847875
-0.2990013
0.35954
-0.1224692
0.3691988
0.6503264
-0.697903
-0.06165849
0.2613462
0.1300387
-0.2689103
0.06981392
-0.780085
0.08562036
0.8077334
-0.1215614
-0.6235846
0.4155528
-0.3723698
-0.03032104
-0.1251089
-0.5338073
-0.4916692
0.1741312
-0.6208398
-0.1015244
0.04678249
-0.1882723
0.1021714
-0.5357265
-0.8157359
-0.1770485
-0.05573554
-0.2663436
0.4512842
0.1629845
-0.2477959
-0.668216
-0.4998729
0.2257697
-0.3490656
-0.3143992
-0.2887984
0.2443272
-0.004529999
0.4895289
0.508408
-0.1606105
-0.1532724
-0.3589354
-0.4296347
0.2215202
0.5877105
0.3243134
-0.2828091
0.3375533
-0.2945868
0.6965273
-0.4052466
0.001103139
0.2898401
-0.0988196
0.2864778
0.2494764
-0.3546799
0.8255333
0.3156653
-0.1595888
-0.3724656
0.2185293
0.1892311
0.1511508
0.2111461
0.117275
-0.03162683
0.06716455
0.830226
0.1527903
-0.230021
0.2019514
-0.4461599
-0.6948414
0.4044217
0.006757285
0.2280325
0.08078576
0.02008191
-0.580738
-0.2181526
-0.06665053
-0.1799854
0.3257292
-0.3586359
0.1923246
-0.0602339
0.02781457
0.5653564
0.1214349
0.05478801
0.4033719
0.1326557
-0.3643918
0.2095778
0.1254867
-0.23904
-0.04107514
0.1947448
0.2016726
0.7595387
0.4317373
0.1169961
0.5636662
-0.3093917
-0.6113875
0.4208869
0.1192682
-0.4263816
0.1444258
0.009363291
0.2117544
0.006230903
0.1179144
0.6996967
0.4282818
0.8085538
-0.3175347
0.2922712
-0.5419911
0.566214
-0.3756234
-0.2967132
-0.5256438
0.348978
-0.03287409
0.186786
0.5008966
-0.02535413
0.03657641
0.04576415
0.7032052
0.3199345
-0.4435388
-0.2023028
0.4371768
-0.3452944
-0.02319343
-0.03670546
0.2893286
0.006390105
0.2115239
-0.2029747
-0.2278987
0.009875969
-0.119064
-0.3536236
-0.1874688
0.2516228
0.04909027
-0.8839867
0.04881809
0.6212588
0.2314882
0.0720482
0.3414099
-0.3987636
-0.4336815
-0.05541098
0.05197053
-0.3343649
-0.2295871
0.1819909
-0.1047885
-0.05137799
0.04039326
-0.184426
0.5340703
0.8304454
-0.4118882
-0.7240838
0.0925013
-0.534632
-0.1706102
-0.03613047
0.1628366
0.9467397
-0.3109462
0.2469116
-0.1068075
0.4048584
0.2734375
-6.306176e-05
0.00453902
-0.7695869
-0.170395
0.628606
0.1007701
-0.2478513
-0.001951645
0.03888432
0.482775
0.1688728
0.0541893
0.01909971
0.2832495
0.5306903
-0.06502922
0.07297271
0.1274062
0.5730738
0.1747384
-0.137442
-0.5316843
-0.1020154
-0.5351164
0.5056331
-0.2908344
-0.001452029
-0.1920005
-0.002772262
-0.2689971
0.4864525
-0.2998181
0.573403
-0.4281026
0.0377524
-0.3814025
0.1348579
-0.2240986
0.3338411
-0.214812
0.5970491
-0.4896844
-0.3461395
0.1605542
-0.1373886
-0.5452268
0.2782187
-0.3181352
-0.07044098
0.3334263
-0.3669783
-0.1462279
-0.07581038
0.3739617
0.1413389
-0.1671773
0.3222787
-0.1760097
0.2519749
-0.2026393
-0.2481682
-0.2769259
0.2173202
-0.02572885
0.3371978
0.2233726
-0.07605956
-0.2370305
0.005163633
0.03607512
0.07924686
-0.08281389
-0.04640031
0.1269591
-0.5554384
0.4318662
0.05011615
0.1171022
0.1880139
0.1692144
0.09301425
0.3180956
-0.1298833
-0.07277388
-0.4930946
0.1819853
0.58155
0.2272383
0.06359552
0.2215428
0.2390352
0.2758936
0.1972333
0.4015788
-0.226458
0.2173245
0.5046596
0.5608768
-0.571855
-0.1230695
0.1324981
0.4102953
0.07405369
-0.3172113
-0.02417902
0.1656892
-0.01721002
0.2235985
0.1765416
-0.03280763
-0.3621292
0.0875452
-0.2599386
-0.1848933
0.1789367
0.2869705
-0.5577634
0.3122501
0.07228715
0.3337382
0.3530051
-0.2974483
-0.2240861
-0.2961625
-0.2175892
-0.4254799
0.3993967
0.0988952
-0.5594035
0.1008629
-0.7543159
-0.3228694
-0.7081817
0.2516044
-0.03607643
-0.1942269
0.1159964
-0.2004505
-0.2472869
-0.1944293
0.4628907
-0.2110968
0.2201187
0.4662863
0.09045412
-0.02344741
0.04353738
0.09665938
-0.1245714
0.03528968
-0.1887959
0.1397145
0.6855743
0.09847698
-0.4013872
-0.001846373
0.3154935
-0.2475553
-0.2212928
0.1918199
-0.3469901
0.06208153
-0.6374786
0.6367375
-0.2709715
0.6173372
0.7761822
-0.4956027
-0.3856826
-0.2461199
-0.07676809
0.380024
0.03308321
0.2487227
-0.157277
0.4372011
0.09050317
0.3428527
-0.5846214
0.2440522
-0.2883795
0.06366721
0.0007251616
-0.000363432
0.3545795
-0.444421
-0.4814171
0.7698292
-0.1166353
-0.4826879
0.4590931
-0.09618391
0.48342
0.57074
-0.1618427
-0.15531
0.07384027
0.1463648
-0.2509739
-0.282233
-0.1600771
0.4331647
0.1165
-0.1310438
-0.275851
-0.2638887
-0.1867065
-0.251401
0.1052969
-0.14096
-0.02559211
-0.1121901
-0.6080726
-0.4788094
0.06399835
-0.2616087
-0.1946714
0.4349715
-0.2696509
0.1239006
-0.05008854
0.3104316
-0.1557396
-0.4530112
-0.5783175
0.1951855
0.310673
0.2211514
-0.4218253
-0.2871876
0.6132787
-0.2747805
0.1666392
0.03084914
0.5056749
-0.5480436
-0.09334276
-0.4450103
0.08734295
-0.2168179
0.0001453036
-0.4971651
0.2263651
0.1907937
-0.4457105
0.1802506
-0.4871426
-0.4942936
-0.5055741
0.3977877
0.1368638
0.2916523
-0.1690738
0.1813218
0.3087553
-0.08755639
-0.2417821
-0.3545604
0.4166026
-0.2500605
0.1847304
0.03992165
0.04619967
-0.1394599
-0.2181735
-0.04809028
0.3005252
0.2553287
-0.4620937
0.2831832
0.335714
0.08135131
-0.2677593
0.7448532
-0.04319588
0.04696886
0.4603844
-0.1324548
0.1995848
-0.3244636
-0.8963285
0.4990595
-0.1929166
-0.3396951
0.3434406
-0.7324699
-0.1653425
-0.1786569
0.2935602
0.08186961
-0.8810841
0.1186572
0.4039966
0.2632653
0.649919
-0.1855538
0.1051474
-0.08492458
0.5075803
0.1754848
0.2276813
0.7050213
0.4462529
0.3862188
-0.1791658
0.265957
0.3092845
0.07418413
0.01705403
0.4806406
0.3574506
-0.3489382
0.04408039
0.6637054
0.4891899
-0.3880143
0.3470156
0.03436047
-0.6102856
-0.02021166
-0.7802923
0.1566552
-0.338421
-0.6901627
-0.2916736
0.02093901
-0.4735336
0.6778128
-0.1797805
0.2540386
0.6164203
-0.3951921
-0.1749986
0.24137
-0.5865688
0.4051647
-0.01119975
0.7382763
-0.1365621
0.05752846
-0.03568093
-0.5765187
-0.3881908
0.3200043
0.01134377
-0.6442735
0.7867855
-0.1360281
0.3299567
-0.3006106
-0.7560894
0.01114149
0.2453036
0.3900939
0.07785257
0.3550566
0.2964874
0.1944378
-0.3350686
-0.3055428
-0.02160191
-0.3588441
-0.3922547
0.05516409
0.1631745
0.1709089
0.2046364
0.2223538
-0.6574924
-0.3193105
0.0457706
-0.2610575
0.2402926
-0.2829003
0.1489973
-0.3219183
-0.04366793
-0.2288351
0.3151715
0.2130191
-0.196596
0.3442854
-0.6853912
-0.2647225
-0.1724592
0.3113699
-0.6858451
0.4831579
0.1333236
-0.1017798
-0.05038146
-0.1627345
-0.08135725
0.2501591
0.05669239
-0.8746685
-0.2743049
0.9928657
-0.06890116
0.09385426
0.3374614
-0.08312764
0.3449204
-0.04997983
0.242355
-0.01076439
0.1671895
0.07741641
0.1203845
-0.5129782
0.003428225
0.5180805
-0.3923274
-0.3461941
-0.1627163
0.04634559
0.07018281
0.1958077
-0.1511749
0.5653033
-0.3299507
-0.1493068
0.3519037
-0.1740784
-0.2122529
-0.1360185
-0.004928194
-0.06214997
0.2163547
0.1317385
0.4130994
-0.3005326
-0.0685405
0.2246602
-0.2052876
0.7060885
0.3898066
-0.03582226
0.09114379
0.2601001
0.3127569
-0.2973968
-0.4551548
0.2141372
-0.3427586
0.6712699
0.5769219
-0.2109022
-0.07423775
0.04972948
0.4464894
0.4951331
0.3298905
-0.2305226
-0.2390188
0.1466697
-0.4261148
0.324757
0.2656369
-0.09791651
0.2780823
-0.2852023
0.480907
-0.208311
-0.5161704
-0.01052546
0.1167258
0.2709442
0.07407996
-0.01052712
0.2315811
0.01177988
-0.1002617
-0.03373916
-0.4556247
0.7466462
0.2345477
-0.003456664
-0.2813577
0.0693212
0.295939
0.2054582
-0.2106975
-0.2490251
0.01420937
-0.2212422
0.2619725
0.04563525
-0.05020762
0.001261594
-0.28413
-0.5932631
0.407009
0.3906436
0.3200531
-0.3356534
-0.3206103
0.04439127
0.4424565
0.1288858
-0.3127107
-0.1687801
-0.1798795
0.1865102
-0.4268828
0.4857752
-0.01122907
0.3211081
-0.06925102
0.1749754
0.05349061
0.3050702
0.1729912
0.3455264
0.1531738
-0.3115419
-0.2979402
0.3915766
-0.6737428
0.2297619
-0.5456481
-0.06209828
-0.1794116
-0.3860772
0.4285347
-0.1618351
0.4237418
-0.08950208
-0.03155067
0.1271587
0.06877446
-0.1920779
-0.166591
0.06212525
0.05358154
-0.1842554
-0.1032834
-0.3224637
-0.08679141
0.5342608
-0.005077772
0.04349336
-0.1550045
-0.02541576
-0.01981315
-0.06391168
-0.5126976
0.6963183
0.8386467
0.3514331
0.151977
-0.3596625
-0.442751
-0.2184244
0.2419715
-0.1765284
0.3070867
0.3230634
0.2968473
0.001808707
0.0275211
0.04461122
-0.03306253
0.06838349
-0.01456032
-0.1507861
0.006877225
0.09170979
-0.7510664
0.2118621
0.6969441
0.3201899
-0.1927404
0.3596915
0.2166165
-0.5645491
-0.1258134
-0.206274
0.05464626
0.1786647
0.283846
0.2300768
-0.4437252
-0.1868806
0.6487826
-0.1570792
-0.0897359
0.05534529
-0.1672533
0.09414883
0.08135314
0.1225472
-0.4846263
0.2430563
0.7209026
-0.2412811
-0.6837829
-0.3482788
-0.05905085
-0.6016275
0.3735797
-0.0723153
-0.4018996
0.9946663
-0.3253926
0.6047993
-0.5841532
0.6470813
-0.341695
0.3115957
-0.6351105
0.2146346
-0.2377461
0.2075924
0.412288
0.003580021
0.3967914
0.221097
0.3607458
-0.03073227
-0.1477213
-0.4834784
0.138413
0.1486054
0.07147931
0.4263763
-0.01965843
0.2129669
0.1056969
-0.2967373
-0.2421662
-0.04913557
-0.2925253
0.2613469
0.1367849
-0.1232142
-0.3966625
-0.1891339
-0.334704
0.6760706
0.2264536
0.4337695
-0.1075509
0.16497
0.07700188
-0.468311
-0.4038164
0.08824063
0.05315699
-0.1185196
-0.06524262
-0.1468783
0.2827185
0.4936612
-0.05758023
0.09809199
0.2721286
0.2706375
-0.2045463
0.0843221
-0.3655649
-0.1251221
-0.3394036
-0.1215038
0.3945095
0.6012901
-0.2672771
-0.05002487
-0.2522363
-0.1668394
-0.0154632
-0.03603257
-0.05286265
0.2099836
0.1981195
-0.2630227
-0.3467072
0.5595833
0.004087984
-0.07849306
0.1276164
-0.05245199
-0.08004146
0.337261
-0.6738318
0.4898488
0.1866269
-0.07436598
0.43277
-0.6233693
-0.02542992
-0.04303581
-0.3594365
0.02654907
-0.3778614
-0.4157578
0.3163316
0.5873151
0.1520807
-0.1709331
0.256806
0.353654
-0.1411089
0.1696575
0.1344779
-0.1351129
0.1096112
-0.3919784
-0.02410383
0.3697198
0.1495665
0.01889495
0.4767203
-0.1222515
0.243388
-0.1061519
0.2104047
-0.1955589
-0.006131699
0.002464994
-0.1888743
-0.2790166
0.1978789
0.0428066
-0.4138526
-0.5424372
0.1782722
0.2734984
0.5268716
-0.1259598
0.3396766
0.07368669
0.3849375
-0.3392393
-0.2007133
-0.8041873
-0.3464703
-0.2953133
-0.3795691
0.1989561
0.1876554
0.2075045
-0.2134666
0.3453613
-0.5233174
0.01482679
0.06944131
0.3956576
0.40554
0.2373509
-0.1338701
-0.06723419
-0.04059381
-0.1409302
0.4966499
0.2593831
0.1288223
-0.3301856
-0.4273055
-0.02601625
-0.2521123
-0.0191368
0.1586248
0.3239865
-0.1659671
0.02839192
0.2471831
0.1253892
0.3830743
0.3646876
0.677853
-0.4165757
0.004725587
-0.1005916
0.03551834
-0.4243569
-0.145907
0.05919159
-0.2602223
0.1552571
-0.3533137
0.243971
0.06976235
-0.02093633
-0.1746576
0.04859123
-0.3471197
0.2226767
-0.1469219
0.1130644
-0.3006716
0.2996918
-0.4364418
-0.0007580616
0.04932509
-0.4368519
-0.1917191
-0.07057461
0.4905787
-0.0129605
-0.5489438
-0.1901223
-0.2574063
-0.6839708
0.0165976
0.6932843
-0.2466648
0.1500166
-0.2869036
-0.2694641
-0.4549993
-0.005895973
-0.3959012
0.1390925
0.07962256
0.4023192
-0.2553067
-0.6947482
0.1480748
-0.2200982
0.2960836
0.1447054
-0.06812463
-0.3698342
0.2520696
-0.2657875
0.3547946
1.030623
-0.3613677
-0.1422853
-0.1001906
0.08503863
0.03950935
0.2520278
-0.6572552
0.4836317
0.1421835
0.3609693
-0.5798678
-0.1829689
-0.4646702
-0.2550528
-0.2636146
0.09588272
-0.2035805
-0.3915828
-0.3943031
-0.2497652
0.4450517
-0.02735818
0.02698118
-0.522285
-0.122069
-0.6639755
-0.02016623
0.6888238
-0.3935863
0.4048882
-0.08569161
0.09965955
0.01831802
0.2051885
-0.02209535
-0.2520926
0.3713525
-0.1842426
-0.07439054
-0.1299017
0.2774069
-0.1322633
0.4018022
-0.2708024
0.443859
0.2522633
-0.04276581
-0.4131569
0.1502263
0.5588509
0.01285749
-0.2737251
0.111914
0.6949821
0.6095399
0.3961071
0.3248956
0.286371
-0.1603352
0.3809358
0.1551703
-0.1106537
0.1656167
-0.6707444
0.1941654
-0.01935812
0.3608902
0.8359234
-0.3389274
0.1398042
0.08724329
0.0867703
0.01867616
0.446484
-0.2243175
-0.3150444
0.5273303
-0.5535955
-0.06031705
0.3241133
0.2373244
0.4217
0.05983201
-0.1991453
-0.2908371
-0.170659
0.01539649
0.2253395
-0.2826778
0.0867256
0.1935293
-0.4859589
0.1853119
0.1264079
0.4655049
-0.09199935
-0.2725978
-0.003485469
-0.145882
-0.03781905
-0.4184214
0.2722106
0.0828925
-0.4878906
0.03023903
0.17044
0.4228996
0.2152837
-0.6135101
-0.009212499
0.1706934
0.355502
0.2235268
0.2434434
-0.6455178
0.5931841
0.1978397
-0.04919628
0.04143354
-0.3607806
0.377231
-0.1928181
0.1954764
-0.2778966
0.1682655
0.218556
-0.2575818
0.2863894
-0.6902705
-0.322305
0.2643156
0.08387163
-0.1721957
-0.2845048
-0.5589885
0.2015561
0.5104694
-0.4408849
0.5248407
-0.1479664
0.06441473
-0.3612773
0.4313776
-0.5041304
-0.3778549
0.1887734
0.1366741
0.5514638
-0.3521473
-0.1557139
-0.1318208
0.5604548
0.04974058
0.2060944
0.01921226
0.02185422
0.3503809
-0.2514484
-0.05384953
-0.0165312
-0.0311832
0.3019924
0.1251407
-0.1383811
0.02944417
-0.5019933
0.1798489
-0.2828818
0.1386045
-0.4894526
-0.3099353
-0.4166624
-0.1279894
0.0004795666
-0.09599036
-0.01254195
0.1003673
0.3357938
0.2074651
0.09638993
-0.4118632
-0.09097803
0.4445001
0.2441326
0.004307971
-0.3350403
0.3990479
-0.580492
-0.1600101
0.07234741
-0.02583469
0.04570373
0.2498326
-0.01610178
-0.01094603
-0.2426759
0.6540534
-0.1181365
0.01746945
-0.06826518
0.748742
-0.3628368
-0.2981632
-0.08912763
0.4293225
1.253563
-0.3433287
0.2796013
0.4577753
-0.306884
0.2900987
-0.3432422
0.4500298
0.3402464
-0.01746088
0.1645805
-0.1495495
0.2062001
0.3546419
-0.7659698
0.3239215
-0.5706237
0.5669198
0.2680475
-0.3270323
-0.05668179
0.7848929
-0.2590304
-0.1243419
0.2299377
0.06100114
-0.2260777
0.3147456
0.2518185
0.241146
-0.3696704
0.1735139
-0.14246
0.1597156
-0.02633756
0.3459675
-0.389299
-0.2550627
-0.1621154
-0.3311166
-0.2569206
0.4479469
0.1159903
-0.4819147
-0.5041178
0.6056447
0.248108
-0.4216929
-0.05025012
-0.08301181
0.4889386
0.4369617
0.4973795
0.1074305
0.04087201
-0.1520918
0.4945149
-0.194742
-0.2730295
0.01660735
0.190991
-0.004338944
0.05887289
0.4127824
-0.04568772
-0.2629186
0.3889277
0.3059891
-0.3557515
0.06867612
-0.176288
0.3579489
-0.1499043
0.03852393
0.2251304
-0.1704044
-0.1523865
0.2546941
0.6347168
-0.1020244
0.1012716
-0.364027
0.01652377
0.5222513
0.1079059
-0.2459066
0.1117639
-0.3715125
0.1481249
-0.5359935
-0.3751072
-0.8982076
0.1283837
-0.02593955
-0.8116621
0.2119457
-0.1309872
-0.3201586
-0.1724189
0.09085774
-0.03289251
0.002713508
-0.3441466
0.1124742
0.235891
-0.194323
-0.2844285
-0.040508
0.5404455
0.1567665
-0.2170129
-0.1740103
0.04684662
-0.05769741
0.6698718
0.0683341
0.1897131
0.5044295
0.3885676
0.1418684
0.01127039
0.4623972
-0.3141065
-0.5961404
0.2297664
0.358408
0.3930514
-0.5411069
0.1201906
0.2167662
-0.5556567
0.1272525
-0.1182818
-0.021848
0.1233865
-0.2959614
-0.01303254
-0.1913084
0.6248387
0.427704
0.4353295
0.1224343
-0.8139087
-0.2421118
-0.300778
-0.01287537
0.1436457
-0.6713287
-0.438259
0.2290467
-0.2351414
0.1376276
0.3923752
-0.6499294
0.1620368
0.05606393
0.03213554
0.1817416
0.3377597
-0.4796403
0.0332787
-0.5649761
0.2136177
-0.4723102
0.3161197
0.3520939
0.1439591
-0.036451
-0.03940134
0.355231
-0.6171465
0.3032129
-0.03319905
0.4961357
-0.1088307
0.2874219
-0.4096088
0.2436205
0.5331912
-0.1206363
0.4273
-0.8352615
-0.7920461
0.00341665
0.2765123
-0.5151032
0.09923878
-0.6179105
0.1191823
-0.1589127
0.1887233
0.2039677
-0.4077602
-0.2092743
-0.161709
0.2717968
0.04445613
-0.5010339
-0.2905208
-0.2224459
0.5378895
0.1779905
-0.1152433
0.1818859
0.2313146
0.01910844
-0.4197204
-0.1714498
-0.07269842
-0.2507842
0.01649197
-0.4125925
0.006410508
-0.3361406
0.3014029
-0.2326649
-0.09920372
-0.5159268
-0.8083271
-0.1739953
0.3243146
0.02165875
-0.01737544
0.01301449
-0.3568355
0.1279699
-0.02823506
0.1676856
0.09215813
-0.007827208
0.7083777
-0.2799012
-0.2633815
-0.2794706
-0.1278595
-0.2688816
-0.2970177
-0.6487832
-0.1542324
0.2971275
0.539508
-0.02714239
-0.1806847
0.4287164
0.4719215
0.0767318
0.07305685
-0.1337666
-0.3187766
-0.4240117
-0.8758863
0.3389123
-0.05113138
0.03229609
-0.6240096
-0.4218014
-0.3333367
0.0612704
0.3360528
0.6495442
-0.3730423
-0.5987622
0.0963578
-0.6464445
0.3403033
0.2510129
0.502773
0.6109026
0.2259982
0.8367423
-0.1808055
-0.2624218
-0.3971446
0.1023977
0.09003214
-0.05005651
0.3234777
0.1583061
-0.1031398
-0.09182052
0.2162516
0.3131186
-0.05501188
1.069197
-0.3789436
-0.2304021
-0.05674595
-0.4487228
-0.1645241
0.03999185
0.4802608
0.04863213
-0.6179729
-0.4399915
0.1719886
-0.1322832
-0.1317494
0.1883908
-0.5637104
0.321639
0.2484101
0.4904472
-0.1525825
0.3230813
-0.02081106
-0.1589181
-0.3265955
0.006841671
-0.53192
0.0443389
-0.08984996
0.2788113
-0.08570067
-0.09775775
0.2262152
-0.4968235
-0.5153944
-0.3906528
0.07000998
-0.09839467
-0.01598303
-0.03961361
0.3364478
0.6279121
0.669715
0.06198202
0.04308016
0.2171298
-0.7032798
-0.3935523
-0.05134756
-0.6710727
0.4534054
-0.2081785
-0.5582495
0.196099
-0.1964941
-0.1576622
0.1111204
-0.5807323
-0.3118927
-0.2948832
0.1843558
0.1973094
0.4012446
-0.1352729
-0.138547
0.1103334
-0.007117218
-0.2205346
-0.1925369
-0.7482398
0.3477278
0.8122518
-0.459221
-0.3437096
0.1058674
0.1452267
0.1596015
-0.2412222
-0.5104068
-0.02589038
0.4981641
-0.3094659
0.4314579
0.3391902
0.2027587
-0.08591128
-0.06194915
-0.01761497
-0.6837866
0.5320523
-0.0185749
0.4217847
0.05813906
-0.2394105
0.2736267
-0.03672304
-0.1343087
-0.2164794
-0.3117391
0.2234791
-0.1073611
-0.02728568
-0.1128223
-0.2299787
-0.268855
-0.3636326
0.3120051
0.03558022
-0.1247322
-0.2468033
-0.7199422
0.181811
0.04885844
-0.3006185
-0.380814
0.1582398
0.6012567
0.1002868
-0.4364119
-0.5255235
-0.07812676
0.07939705
0.4030991
0.2474787
-0.2430675
-0.1291405
0.118201
0.2112796
-0.03882079
-0.06550609
0.1094109
0.3067309
0.06668238
-0.3114527
0.236328
-0.1459201
-0.0386363
-0.04672405
-0.1451067
0.126043
0.182262
-0.5581839
-0.04908025
0.1673336
0.04291821
0.4292246
-0.3730507
0.1760016
0.2050168
0.04975958
1.068053
0.2660457
-0.431331
0.0178695
-0.1913272
1.184735
0.005160097
0.04377879
-0.07831255
-0.4025714
-0.03813851
0.03216267
0.07467539
-0.407504
-0.1478952
-0.7422884
0.1833252
0.3712857
0.2804641
0.9381627
0.479372
-0.0335231
0.2232215
-0.2007683
-0.2181677
0.1604183
-0.01888185
-0.155653
-0.03449466
-0.844411
0.009738422
-0.3637434
-0.2363297
-0.2701189
-0.3645737
-0.2331372
0.165074
0.4271569
0.314654
0.7105489
-0.1233158
-0.5956323
-0.04393058
-0.01059866
-0.4248812
0.1254058
0.2505621
0.2235461
0.08864329
-0.3017155
-0.2595184
0.3868764
0.2437068
-0.2174527
-0.01790015
0.1836294
-0.3819639
0.2080024
0.3324881
-0.3750257
0.447749
0.1102967
-0.372829
-0.3325244
-0.2073459
-0.2102577
-0.3161945
-0.4536828
0.6853691
0.07690403
0.3656626
0.8031773
-0.2104005
0.3459491
-0.3476321
-0.3013777
0.175249
-0.2283495
-0.03228639
0.06514083
0.6772096
-1.245921
0.449821
0.09346883
0.7636291
0.5003468
-0.1732969
-0.01569615
0.05511013
0.4600804
-0.1210102
-0.2370793
-0.0635524
0.1474892
-0.4419302
-0.4352215
0.4406912
-0.01576652
0.4293933
0.2005404
0.3529323
-0.02161373
-0.3523485
-0.6798532
-0.02851042
-0.03986344
-0.06533412
-0.4838202
-0.5783676
0.3756856
-0.135179
0.4194601
0.08600608
0.06826459
0.1015918
0.3796766
-0.008795798
0.008498901
-0.390368
0.5222205
0.3482063
-0.3007903
-1.082384
0.4943479
0.02760284
-0.2490275
-0.1071424
-0.01694604
0.3088022
-0.1914703
0.2464436
0.9295714
0.1167238
-0.03905667
-0.4156508
-0.6450623
-0.6229026
0.2239944
0.003068609
-0.1491691
-0.1958232
-0.1713127
-0.2812729
-0.2022278
0.03401084
-0.008579736
0.7829623
-1.091425
-0.03028641
0.06070066
-0.4449156
0.375151
0.001666675
-0.370236
0.279684
0.06829175
0.2407801
0.405155
-0.05850027
0.4596549
0.4737701
-0.08500693
-0.196312
0.406498
0.3653848
0.1559251
-0.1915363
0.7837095
0.1777336
-0.515593
-0.2525238
0.05500419
0.5907907
-0.104165
0.1358217
-0.1816822
-0.07574769
-0.2792429
-0.1488965
0.5336594
0.03305907
0.03947121
-0.7400359
0.4506095
-0.1389477
-0.05005983
0.4051297
0.02334549
0.01713302
-0.09777504
0.003125337
0.1172452
-0.4476814
0.1143934
0.1012436
0.7587019
-0.1482322
0.06478715
0.0537104
0.330385
0.1868542
0.22589
0.2171893
0.07223395
-0.05985869
0.2861145
0.07073365
-0.2742236
-0.4836433
0.2807319
-0.2079985
0.4322269
0.2838638
0.5925466
0.6055792
-0.4439274
0.5223138
-0.03136615
0.1084435
-0.7033352
0.4591128
-0.1639189
-0.1444356
0.06036552
-0.484921
-0.1169033
0.1957538
-0.9090395
-0.0994488
-0.1766998
-0.2964646
-0.1173572
0.00401722
0.04694336
-0.09258053
-0.1633768
0.7647765
0.1289311
0.2427581
0.4818741
0.03554341
-0.1631852
-0.7929189
0.4255787
0.1127263
-0.3144617
-0.2314507
0.04796533
0.3940076
0.2506229
-0.06612852
0.1445106
-0.2698286
0.3015468
0.2871054
0.03861869
0.250031
-0.05539192
0.1891422
-0.1674391
0.1989016
-0.09109464
-0.467223
-0.1224292
0.4352813
-0.2549164
0.2354181
0.2816234
0.3725654
-0.264959
0.02119586
-0.03489007
0.417502
0.5826053
0.4790204
-0.5868053
0.1042035
0.4745399
-0.6594018
-0.5033899
-0.1612448
-0.0320751
0.115025
0.05369242
0.454591
-0.3055494
-0.5231333
-0.594365
-0.2648737
0.5267338
-0.01357357
-0.1804832
0.2465986
0.9271049
-0.1796116
-0.1319748
0.3150961
-0.2818036
-0.1939536
0.426326
-0.318682
0.477544
-0.002812878
0.03276954
-0.3921506
-0.1421342
0.008779502
-0.5433581
-0.1591792
0.1625521
-0.1142066
0.1013811
0.6151476
-0.4253726
0.260291
0.2074347
0.4322789
-0.2074135
-0.189625
0.04278844
0.1135318
-0.1051365
0.1693159
0.04709969
-0.05242425
0.0427529
-0.3472011
0.3567127
0.04678335
-0.3204914
0.005811189
0.8164667
-0.2975551
0.6145047
0.4869451
0.47542
0.3486188
-0.3260982
0.1950553
0.480186
0.2424465
-0.133393
0.2354707
-0.3484113
-0.1159999
-0.07762766
0.3979979
0.3571198
1.042004
-0.3131636
-0.2805452
-0.8581544
-0.1715318
-0.482149
0.05390588
-0.3572282
-0.2062898
-0.7455263
-0.4359095
0.07824288
0.473433
0.541602
-0.9993815
0.7464379
0.3613444
-0.4796123
0.6854791
-0.4516941
-0.06945616
-0.3702757
0.4724076
0.0851031
0.5722235
-0.2141342
-0.2552431
-0.1963254
-0.3448474
0.0005505733
0.6597095
-0.04076667
-0.5153107
0.1043383
-0.1167502
0.3810846
-0.05402698
-0.1322763
-0.4957931
-0.5371657
0.3876983
-0.050362
-0.1806403
-1.327722e-05
-0.05687253
0.3442653
-0.2586768
-0.3612334
0.3665692
-0.001328399
-0.5042423
-0.03017962
0.3257846
-0.04242569
0.1550438
-0.1415752
0.2597141
0.176653
0.7530525
0.1613992
-0.1348555
-0.4200681
-0.325427
-0.1491809
0.517581
-0.5405044
0.1377262
0.04635578
-0.4426782
-0.5540072
0.08234453
0.258213
-0.5478939
-0.1129738
0.1991871
0.7784255
-0.6284815
-0.2022246
-0.5310743
-0.185582
-0.1339418
-0.305701
0.3845026
0.0592982
-0.7526625
-0.4398182
0.586764
-0.01270819
0.08117113
-0.874684
0.1621098
-0.5277434
0.04976141
-0.1636639
0.2101699
0.6170227
-0.5726421
-0.3406176
-0.09504453
0.07252259
-0.1889558
0.3204418
-0.3232544
-0.1010461
-0.1287298
-0.1174583
0.6621256
0.01708796
-0.06373116
0.1195847
0.06729269
0.1655099
0.2861673
-0.04937267
0.5100368
-0.01260676
0.01982612
-0.3323222
0.10644
0.6954403
-0.09853628
0.2136549
-0.6190663
-0.2554791
0.209631
0.1858621
-0.03576564
-0.06466529
-0.07159395
-0.5240747
0.1963777
-0.1586416
-0.6802891
-0.2362335
-0.2062033
-0.1935684
0.3937944
0.1247201
0.2681966
-0.40682
-1.141315
0.6924308
0.3170198
-0.1470954
-0.1801739
0.3746353
0.03156994
-0.5111829
0.1028471
-0.02850601
-0.2207612
0.2217244
0.848079
0.007619716
-0.06994972
0.1673698
-0.2524631
-0.3028594
-0.1582199
0.05869659
0.1406084
-0.2680124
0.1732669
-0.3994144
0.1260921
0.150897
0.4690251
-0.5096516
-0.2080298
0.07948429
-0.1861508
-0.5780537
0.2403267
0.4994844
-0.2956166
-0.1742966
0.3181086
0.2618838
0.1230985
0.329162
0.03661762
0.3331347
0.07109772
-0.3916771
-0.5969663
0.003360806
0.268493
-0.1259958
0.3031342
0.2539789
0.2865851
-0.5983394
-0.1312773
0.08404687
0.4659079
0.2982202
-0.4544723
0.1640079
-0.2523866
-0.04546069
0.04569009
-0.3022986
0.3970903
-0.4436689
-1.107066
0.2799875
-0.240542
-0.1146444
-0.2842646
-0.2210751
0.009281887
-0.02359942
-0.1449599
-0.143396
-0.1862674
-0.08283771
-0.2841602
0.1512531
-0.1102816
-0.3673822
0.501285
0.2242975
-0.1787527
-0.1736763
-0.3040112
-0.1760507
-0.4104497
-0.3265706
0.04582444
-0.4715999
0.4981655
0.01999873
-0.1419671
0.542169
0.4946158
-0.2403812
-0.2894501
0.4072868
0.1460501
0.6281096
0.4764008
-0.5200679
-0.2736024
0.1888887
-0.2325018
-0.7685659
-0.08856015
-0.2589408
-0.3807795
0.7679989
0.08176565
-0.5406037
0.704005
-0.3120308
-0.1832251
0.6847101
0.4379098
0.7553427
0.1267348
-0.08728561
-0.4943961
-0.2773943
-0.1997091
0.045911
-0.2061171
0.023406
-0.08098006
0.1870282
0.298331
0.3865986
0.02551596
0.1866193
-0.44169
-0.09550636
0.3974906
-0.07403328
0.3488794
-0.3966757
-0.07669683
-0.2235653
0.4559426
-0.2623829
-0.4743885
0.1261478
0.1813897
-0.3953858
0.0159874
0.2280367
-0.09131298
0.0332996
0.1357713
-0.1322128
0.6655014
-0.1848286
0.1217719
0.2579698
0.09363292
-0.2716969
0.4660936
0.4807252
0.6471504
0.2218679
-0.378086
0.8525625
-0.1229895
0.2448296
-0.09667534
0.309297
-0.08740977
-0.1859684
-0.7090545
0.4423803
-0.2502483
-0.1415304
0.2554267
-0.1792591
-0.177309
-0.6543673
0.08777593
0.07732012
0.1392494
0.5203526
0.4013297
-0.3858304
0.1962462
-0.03382333
-0.1050241
0.1583328
0.1130134
-0.2443572
-0.3512103
-0.5153251
-0.3278967
-0.25065
0.1329606
0.112535
-0.03477743
-0.06190009
0.05368969
0.5341591
-0.06506713
-0.05640471
-0.04837022
-0.01228165
-0.4005761
-0.4926574
-0.4098026
0.6201234
0.2419804
0.1831923
-0.1254917
0.4752786
0.1091024
0.5311718
-0.3794043
-0.324385
0.03185352
0.2600953
-0.7793887
0.1648321
-0.5614918
0.02951089
-0.06440042
0.251325
0.469051
-0.05707887
0.4814678
-0.1004686
0.1009607
-0.1023559
-0.332113
-0.02948271
-0.245774
-0.07494201
0.3171223
0.07830193
0.02077922
0.1265713
-0.007792037
-0.4279834
-0.145391
-0.1208284
-0.1227415
-0.6522906
0.335036
0.2688518
-0.4377581
0.02337473
0.4840212
-0.1235375
-0.2245061
0.1478832
-0.165212
0.0904035
0.1504983
-0.3602182
0.2726914
0.002079753
-0.1924133
0.176867
0.2686778
0.06811527
0.3555302
0.006331869
0.1692954
0.3675342
0.1280985
0.1983047
-0.007855365
-0.1259884
0.08910832
0.1141884
0.2464752
-0.1546676
0.479375
0.0387712
-0.2561798
-0.3105069
0.1052995
-0.2787218
0.2353191
0.3761167
0.248487
0.298788
0.3025217
0.1861253
-0.5871375
0.1577865
0.08628517
-0.2583457
0.2111241
-0.6176255
-0.04547127
0.06485482
-0.3480734
-0.2621624
-0.6967968
0.9327746
0.2344826
0.174187
0.1469802
-0.463
-0.1001584
0.01127439
-0.001577313
0.0993039
0.03102101
-0.293659
0.7158126
0.211192
-0.2940988
0.241834
-0.1899259
0.2638572
0.02504072
-0.1887569
0.445654
-0.04414332
-0.3816189
-0.03425935
-0.1710411
-0.2957977
0.2170668
0.2617197
-0.05009654
0.06504388
-0.6827327
-0.1830611
0.2737937
0.438447
0.6729461
0.2789455
-0.3948309
0.207684
0.1327315
-0.268586
0.4296312
0.1094325
0.1061708
0.08400672
-0.1267099
-0.146897
0.08412479
-0.03973166
0.1850823
0.4403872
0.03621665
-0.4570784
0.4667515
-0.5058948
0.03371968
-0.0566823
0.1927824
0.1727459
0.2228823
0.32856
0.1249884
0.1727679
-0.37493
-0.1957077
0.4927762
0.4131934
0.06840437
-0.3797102
0.5470466
0.0103233
-0.4841492
0.3339189
-0.7503482
0.07445783
-0.2236774
0.5463874
0.1917226
0.455599
-0.3037004
-0.411427
0.2050084
-0.3370966
-0.3251858
0.4087146
0.07675364
-0.2963432
-0.4511344
0.2633542
-0.1840454
-0.3092797
-0.1819733
0.1099478
-0.01367859
-0.5433557
-0.3301094
-0.02503059
0.1436326
-0.1286658
0.789115
0.6808629
-0.01844765
0.2931204
-0.05660362
-0.3107601
0.5805961
0.08655869
-0.6046525
-0.7130078
0.3412542
-0.2143487
-0.1204618
-0.7278824
0.1026428
-0.2961525
0.001244861
0.2923081
-0.3629347
0.33303
-0.3320169
-0.1482237
0.007682213
0.1661108
0.5093478
-0.3467566
-0.2650206
-0.05277781
-0.0953877
-0.133419
0.6173471
0.1119174
-0.0104102
-0.787026
0.111103
-0.09032039
-0.07190172
0.2604298
0.1586273
-0.4117848
0.188306
-0.002250686
-0.7863716
0.3752283
0.01960541
-0.2313587
-0.6270227
-0.4387869
0.1166166
0.1955993
0.4823655
-0.3338725
0.216774
0.4455001
0.1608886
0.0805148
0.2530613
0.3125842
-0.5811387
-0.126399
-0.1621948
-0.3460279
-0.04469059
0.207459
-0.6610236
-0.4023759
-0.4609491
-0.2212734
0.1533716
-0.1813492
-0.07801978
0.1608004
-0.3704574
0.2516488
-0.117514
0.1916633
0.04153969
0.3784756
-0.319697
-0.4556199
-0.01169115
0.1056993
-0.1342665
0.276824
-0.2481181
-0.2087555
0.4765025
0.2227519
0.3270634
-0.1540149
0.4800853
0.2852576
-0.1004581
-0.6629881
-0.2354675
-0.3478428
-0.599184
0.6847387
0.2607744
0.1223963
0.1494611
-0.05035477
-0.01260739
0.2739712
-0.2209931
-0.005673616
0.1317191
0.2153008
-0.4249414
-0.2778812
-0.1428641
0.02327615
-0.1481113
0.4680094
-0.03719195
0.4416461
0.03003344
0.5228123
0.01392849
-0.1408844
-0.2930126
0.07274233
0.4424889
-0.3770453
0.09764606
0.05721416
0.1219371
0.1457831
0.003089331
-0.1016607
-0.6452023
-0.1282944
-0.03308166
-0.05231937
0.3268209
-0.04388388
0.6136781
-0.07147526
-0.1924151
0.1989593
0.3298911
0.1900291
0.2704715
-0.4339387
-0.1323849
0.1544767
-0.6084961
0.2319027
0.4470926
-0.2426022
0.3249216
0.03315976
-0.3657721
0.08787692
-0.1742737
-0.03806248
0.3760463
0.2541751
-0.6025302
0.01896655
-0.4872591
0.05375352
0.2902944
-0.4546066
0.5751076
-0.5110641
0.1411601
0.2669879
0.06236957
0.614663
-0.03245004
-0.103951
0.1894675
-0.437168
-0.07770594
0.2681683
0.3470996
0.9224739
-0.03487588
-0.0363178
-0.2479999
0.3272078
-0.2659806
-0.3905574
0.4672004
-0.07819396
0.5265974
-0.08723408
-0.1935712
-0.3681199
0.4039263
0.01812422
0.06271693
-0.02518435
-0.3535383
-0.08951684
0.1136774
-0.06319997
0.1003789
0.4978492
0.1065204
0.4571231
0.4324542
-0.2708934
0.5706115
-0.1956975
-0.1422245
0.5223277
-0.06327707
0.7311053
0.4644185
0.1914547
0.2981773
-0.182433
-0.05009991
-0.09136899
-0.1276709
-0.1015328
-0.2772305
-0.4142906
0.04849555
-0.3070036
0.2763213
0.325418
-0.01423188
0.7133658
-0.2543933
0.4395363
0.5267273
0.2133617
0.2714489
-0.4943626
0.2184281
0.3841683
0.3660695
-0.5407704
-0.614204
0.0199815
0.4491233
0.2303372
0.2716477
-0.1873666
0.7654936
-0.1780752
-0.1724265
0.4344596
-0.746466
0.1000142
-0.3658392
0.6380883
-0.1181973
-0.2703092
-0.2451038
0.1076209
0.4161129
-0.09160694
-0.5921916
0.09608807
0.1920051
0.1750399
0.1097004
0.1526763
-0.2028549
0.3845119
-0.4478145
0.4257535
-0.3240685
-0.1097335
-0.4286949
-0.2874295
0.1216054
-0.1218781
0.193193
-0.1645875
0.4737711
0.4577328
0.353209
0.3591412
-0.3042734
-0.1176561
-0.2210609
-0.1279342
-0.3702567
-0.168217
0.4701413
0.1654071
0.2056475
-0.4139119
-0.5148137
0.5756889
-0.1508785
-0.3981169
-0.05415968
-0.2962013
-0.5012573
-0.08884727
-0.07473645
0.2190044
-0.1665871
0.5319862
-0.1202508
-0.4767761
-0.4516568
0.05243343
-0.274654
1.171334
0.2099275
-1.013829
-0.6503635
0.04075746
0.08668908
0.2362918
-0.1824729
0.4146675
0.07926285
0.05003912
-0.05952014
-0.3553531
0.08649343
-0.3838152
0.4349244
0.5908017
0.2024534
0.8125972
0.2061256
-0.1275477
0.3609965
0.09373356
0.3832355
0.389002
-0.7475135
-0.1691852
0.001212348
0.02152032
0.01200926
-0.07043171
0.1535884
-0.3494014
-0.6355325
0.3568085
-0.2735793
0.1191141
0.5248533
-0.2489738
-0.1706952
0.2757124
-0.06599609
0.1370031
-0.1726643
-0.1036211
0.2749045
0.2054513
0.1738241
-0.03531938
0.3261495
-0.5334654
0.4503265
-0.3465097
-0.1365459
0.3447418
0.4002532
-0.7748136
-0.05056348
-0.3819203
-0.5114284
0.1899459
-0.1551401
0.2093116
-0.2764243
0.7042654
0.08183251
-0.0230774
-0.1143301
-0.2738951
0.2373145
0.4489315
0.2161725
0.254619
-0.1389203
-0.1577541
-0.8072307
0.05816176
-0.5268202
0.02753946
-0.01982224
0.599152
-0.1375125
-0.3816587
0.1743278
0.5559406
0.162988
-0.125472
0.3740117
0.1203194
-0.2483415
0.09076786
0.2248222
-0.3201009
-0.2590101
-0.5618123
0.0661819
-0.492419
0.3697533
-0.5895211
0.3001021
-0.2730013
-0.1608484
-0.3381414
0.275894
-0.08419355
-0.4053787
-0.409425
0.1168417
0.02587507
0.5525273
0.1166719
-0.09921461
-0.1853682
0.5950868
0.369563
-0.09771857
0.2045221
0.4529484
-0.6014145
-0.8307432
0.09936886
0.6591646
0.6256524
-0.07355105
0.233595
-0.06133865
0.2817505
0.59108
0.4069505
-0.2561901
-0.5289472
-0.6751805
-0.6160732
-0.3746131
-0.2053039
0.3172293
0.1854412
-0.0719195
0.2530608
0.012232
-0.06459041
-0.1822344
-0.09299961
0.2343643
0.3376452
0.1585483
-0.1076299
-0.5394876
0.2131329
0.6980308
0.04021713
-0.1738047
-0.2232765
0.6146808
0.2288029
-0.227367
0.04835453
0.7673986
-0.307009
-0.6898329
-0.5238557
0.2851085
-0.2348723
-0.2726349
0.05018534
0.341798
0.148845
0.3747269
0.4512641
0.1534739
0.1751533
-0.560679
0.5530098
0.1798042
-0.08938376
-0.1536815
-0.3631052
0.3304967
-0.07139254
0.7827418
0.2186342
0.1844717
0.02530607
0.2863236
-0.07186227
-0.2833589
-0.2394369
-0.4302894
0.588643
0.5506935
-0.0762833
0.232021
-0.1123302
-0.7834645
-0.4306874
-0.2546008
-0.1651066
-0.02998536
-0.1562323
0.2152433
-0.315868
0.1354168
-0.1750409
0.1169055
1.180472
0.2001255
0.03466633
-0.1240928
-0.1847521
0.04612183
0.1097989
-0.2768393
-0.07876169
0.1460287
0.3836431
0.2334547
0.2118563
-0.4540673
0.02599308
-0.100924
0.5979903
-0.06594478
-0.3345787
-0.2680161
0.3646549
-0.4286589
0.4669912
-0.1350075
0.1042141
-0.2516927
-0.1077556
0.506006
-0.04110135
0.2341748
-0.006367144
-0.3089874
0.08603067
-0.6677568
-0.4652303
-0.03429831
0.4836964
-0.06503107
0.1381798
0.2385354
0.009743051
-0.09358987
0.3260445
0.09209747
0.09078191
0.7883151
0.4846738
0.01355626
-0.3293759
0.004337906
-0.1069862
-0.1463644
-0.2436375
0.0866062
0.3307687
-0.376381
-0.08952663
0.02026588
-0.04777541
0.2309117
0.09100887
-0.2038557
1.014642
-0.0408208
0.5934675
0.1542057
-0.1306492
-0.2381842
0.4370251
0.1802938
-0.6679467
0.1838828
0.326627
0.07467496
-0.8049397
0.3560116
0.6798387
0.2721556
-0.3633926
0.2499213
0.3211389
0.5091107
0.1317108
0.1820148
0.6603589
0.250943
0.1723103
0.02154149
-0.159409
-0.3286277
