-4.722037
-1.146766
-4.787886
-4.605051
-4.732274
-1.540126
2.103713
-5.203819
5.348553
7.958687
8.476853
-0.291116
-2.806224
-0.9046719
-3.183099
3.333712
5.52829
-4.765677
10.8448
-1.594317
-2.310275
-3.758981
7.274491
-15.52631
3.582853
-0.474289
0.408613
0.2831512
-1.420965
0.6873359
-1.714975
2.652178
1.31639
3.305472
-7.735587
-0.1366753
-0.9074141
-1.560178
4.853778
0.5951415
-4.877085
-9.243898
-0.5846196
0.2731796
6.468477
-2.434887
2.857076
2.734511
-2.497554
3.945141
4.639621
-6.263842
2.971698
2.845041
5.711766
-7.495591
-0.7384286
-6.997729
3.232625
9.451141
-7.129259
2.433139
-2.227362
1.300315
2.666819
2.20958
0.9930511
-2.419153
0.1488909
-3.478808
-9.019252
-3.342987
0.3223898
-3.33976
3.622744
1.716359
1.258481
0.1469
2.576058
13.3535
3.568277
-2.466175
0.4256723
3.587337
1.734231
12.80367
0.3682883
0.1184797
5.140765
-2.310507
4.931469
-2.069372
7.846508
-5.76942
3.454174
9.369477
0.4482684
-2.13956
-5.531076
-4.906301
-8.279524
-7.917317
-7.610143
5.471715
-2.197541
-4.166646
8.843878
5.252341
-3.784229
8.170724
-2.647792
5.616912
5.90115
-10.3661
-6.153155
-3.111217
6.727029
8.785986
-4.392286
1.320749
1.702452
4.558219
3.670364
-5.253016
0.6822306
-1.159553
3.553498
4.812808
10.61798
-6.864774
0.660532
-5.375381
0.2878422
3.221504
-11.35051
-8.459048
-2.498641
-5.179534
-0.9558409
4.820598
8.936152
0.5171339
0.01415433
-3.986307
-10.07747
0.1101866
3.871533
9.002099
1.913901
-4.459998
0.5377519
1.379487
3.349956
-3.939509
8.739343
0.5345618
-2.68009
-9.012511
0.9919571
-1.81579
-5.003407
1.31079
-3.478363
-1.571848
-5.191509
6.52538
0.448364
10.11411
-8.818321
-8.665029
-7.016693
2.914005
0.5274744
2.573579
0.2261122
4.863108
12.76664
5.368075
3.078469
3.721883
7.431519
4.170136
6.00312
6.048023
4.2635
-0.9461599
-1.916046
-3.429622
5.08593
8.570241
-4.135561
-4.086865
2.781231
6.807832
-4.21487
-2.275862
-4.262603
-0.5825058
0.1373163
-2.033633
-8.414485
6.320419
-7.915106
4.04901
-8.134028
-4.493806
3.047156
3.054467
2.861561
-7.811166
-5.574651
-5.403937
-11.98493
2.976977
-0.4615338
6.972209
-5.150202
1.893735
-2.765206
4.890967
-2.190186
2.397052
-11.20998
-2.255298
0.2310798
-4.68894
7.892424
-0.003942038
1.137842
-0.2232562
-14.58132
-3.65656
-0.6790723
9.894701
-7.808823
0.9873708
0.8561034
0.4667935
0.7218952
-1.359413
-4.110269
-7.658067
7.864235
-2.474332
2.329432
6.241559
-3.301134
-0.729564
-0.5950581
1.544472
-1.227308
3.697312
13.34693
-1.394771
-6.739882
3.451998
2.764609
-4.869471
4.292756
-3.905759
4.755885
-1.406104
-2.732771
-0.5231617
-3.978415
0.1055666
-8.447871
2.185698
-0.534646
-11.80925
-3.560228
-4.004346
-2.717521
-1.212721
6.34879
-6.512942
3.076486
-1.43872
-0.09255742
11.39907
4.130814
-1.997545
3.28532
-2.145424
-7.391715
1.938823
10.68876
5.813998
2.087051
-5.094674
11.25763
2.839699
-3.758163
1.032331
-1.938924
-8.571406
5.765249
-0.6271529
11.8641
-5.164074
7.923938
4.90419
1.605537
9.235147
1.83281
4.162384
-2.119765
1.038714
-6.160595
-6.61463
6.393633
3.250728
8.422378
-6.260485
-1.289479
-5.844461
9.278346
-4.627539
-2.256868
-5.65198
12.02695
4.808665
-6.527567
-3.022861
-0.7246753
-7.795052
-2.832317
-1.513514
-6.036742
-0.05702231
-2.349587
-7.172441
-8.219378
1.376721
4.077422
12.12248
-2.856946
11.65357
-11.2098
6.937328
8.885478
-4.81831
-3.104558
-4.915536
6.823355
-1.571284
-0.2401568
3.875438
0.3163704
-5.993912
3.257104
-3.599166
0.002715461
-10.76708
4.387544
1.944457
0.1317828
10.28111
-2.426555
-1.046312
-2.683233
-2.50957
2.444951
1.272207
-1.049108
-4.143978
4.666367
-2.793191
0.5197951
9.303776
1.038061
0.9927406
-6.973378
0.9867735
-1.864163
-1.581499
-2.802132
-4.127992
-7.762661
5.921549
7.011563
9.112857
-3.798275
-4.507483
-2.389735
5.104987
1.453932
-0.5337613
5.704433
-1.795778
4.168821
1.643629
4.63412
4.745731
3.750258
-7.209608
3.224009
0.6747299
4.86257
0.9049448
-4.616772
1.410857
-6.737968
-5.528041
4.803951
-1.932014
-0.3637111
1.757373
4.840247
-7.21778
-7.849197
5.093438
0.3917818
1.335478
4.744377
2.045454
-1.911279
2.461216
5.397238
0.1042201
-0.04561649
-0.1225616
4.055351
6.618158
0.4293554
-11.18274
6.119322
-4.680751
-3.016476
7.006513
-7.416441
-1.633152
13.18515
1.943302
-1.680043
-3.520763
-10.63563
4.818513
9.433654
8.878293
2.660823
2.328939
-6.655013
0.6143043
-0.4402106
12.1724
4.508062
-4.167461
-1.904194
2.480215
3.29185
2.615472
1.353749
4.169341
-3.643167
-6.258532
-4.127706
5.306602
16.08669
-1.865349
3.844925
-0.963117
6.301057
-1.946423
-3.752979
2.159845
-1.662192
-12.33877
-1.469545
-1.419105
5.092604
-18.95222
-2.353568
-5.229074
4.231647
3.145608
-6.029267
-5.746531
9.392883
1.78078
5.483587
8.862029
-0.3337854
-6.986836
5.121161
-5.219051
3.801588
-1.05327
6.503093
-5.403269
-2.246757
-2.564103
2.924115
-3.021213
1.509907
-4.42255
-1.28162
-2.756554
0.7691136
8.151336
0.2847038
-7.991319
0.5428967
-3.159236
1.930709
5.387278
0.9639131
-0.9486073
-8.150633
-2.161731
-0.3223538
-3.446872
-5.017351
10.8486
1.787551
5.397765
5.239267
9.042942
-3.679702
-3.213726
-4.374174
-2.532012
-8.344073
-2.352853
2.16166
-0.5547081
6.192914
-0.5032434
1.005598
-0.1560928
4.163639
-3.098103
3.409413
1.871476
-3.062406
-5.899233
1.604211
-1.039726
-3.261288
10.46554
1.180026
1.273359
-5.755899
2.182052
-0.8967733
-3.735515
1.213866
-1.702365
-1.396172
2.635154
10.96967
0.2608789
2.833072
1.61356
8.641753
-6.52093
-6.834539
6.419246
3.095304
1.021708
6.316644
5.06402
-7.563563
3.520648
-8.106523
1.883207
-2.247841
-2.317593
-1.595213
-0.8435099
-7.274667
6.064295
-0.8212618
8.297073
9.015185
-8.326101
2.271591
1.032624
-7.862241
-3.196855
0.1023711
-4.87879
11.70362
-0.79721
5.913511
-1.924446
0.9515757
-1.69426
2.448878
-4.342246
1.304814
1.265037
6.456061
4.011696
-0.4896588
-1.757591
6.190158
5.110259
-2.635548
1.721376
-0.2523057
8.354495
-3.577774
-1.116448
2.250665
-4.448545
1.81168
0.7975998
-0.1214227
3.631953
-2.643359
1.789828
0.5462053
-3.541108
9.438277
-9.839601
4.08914
3.763239
-2.20441
-0.100608
-3.930503
-10.58006
0.08845396
-3.92152
-0.3055074
1.269567
-1.681625
4.40518
13.53214
6.773196
-5.188701
4.502584
-2.635624
6.881496
-1.897022
-8.003895
9.23918
-5.147135
2.923061
-4.742572
1.885101
2.221569
-2.984539
7.093053
-2.130382
5.522683
-9.515378
2.690053
1.282756
-0.5861603
-2.298319
-4.291856
0.7899465
-1.767718
9.495349
-3.833133
6.125181
-3.369944
3.511582
0.7357573
0.5072156
-1.692975
-0.2892543
3.944314
-0.004981282
2.831062
-13.70197
0.4123323
2.053957
-0.02568384
9.515254
4.289465
7.100317
0.8163885
7.989134
-4.501582
9.996675
5.915401
1.477842
-0.6099611
-2.222134
1.918937
-0.6765892
7.523872
-2.220183
-2.075492
4.758141
5.682932
3.014786
5.629299
9.379401
-2.542442
1.118491
4.401362
-5.846556
0.4382615
-1.585623
1.199127
0.7769953
-6.29685
-2.28779
0.8363684
-0.6186807
-5.378006
0.3619095
1.370097
-4.041762
1.725841
-4.005987
0.909962
-1.309405
1.55428
0.7709286
6.34212
2.837061
0.3392774
-1.121358
3.644491
3.791275
-3.981429
-2.842228
-1.470396
-5.322791
-0.6384791
-4.161339
1.680809
-8.937674
-1.010853
9.779101
-0.2543498
-9.344595
3.443259
-8.002317
13.1357
3.728525
1.17824
-4.86
-0.8336131
4.917985
4.549207
-3.515812
2.144057
-6.126801
6.618671
-1.586833
1.933662
5.140726
-1.058914
-6.83057
4.895825
7.992218
3.153403
-3.629741
7.456184
6.718951
-2.365972
0.7223305
-1.970419
-10.95194
0.9158757
-0.7304782
-0.9700602
-11.32609
-3.970082
4.208532
-3.550926
8.744691
1.776481
-4.539929
-4.583633
-5.124876
-3.053925
-2.6151
5.557273
-5.084813
1.756145
2.720601
7.631037
7.468189
-3.70598
4.342482
15.41029
0.1530706
-1.634962
1.019114
-6.854884
2.882524
-3.310038
7.235249
1.751518
-2.895825
-11.50024
7.560134
7.060751
2.92646
-0.09377312
9.741028
2.211222
-0.6742393
1.735993
-3.007613
-4.529516
12.2197
-2.450563
-3.422842
2.101056
7.110651
0.3836764
3.955935
4.328456
1.690827
-1.77562
-4.511233
-3.640302
6.518718
-10.11096
-0.8772434
6.761045
3.922463
-0.9447326
0.9457573
0.4259061
2.802729
-11.5787
-5.651619
5.807938
1.798082
1.066822
-0.2268591
2.126934
-13.71824
-10.14295
3.800928
-3.529384
10.29902
1.970153
-5.250223
-0.0703735
0.4059776
4.395546
6.924642
1.330333
1.775929
5.861024
-2.86427
8.21947
7.236331
5.484283
0.06113804
-3.290897
-9.688237
-0.4008709
-0.8623064
9.663651
-7.463174
1.142859
5.963234
-5.728802
-7.433697
-0.05232397
9.429759
0.2987141
0.4261241
-0.8755624
2.595007
-5.12426
0.379597
6.748882
-0.4208465
-8.40092
-4.446981
-9.570485
3.548266
-0.8227583
9.841257
-6.272363
6.621916
-7.223269
-2.064057
0.9432408
1.406881
-5.890571
-8.953446
-4.765723
-6.427545
-1.441032
1.563689
-4.958792
-1.33742
4.097848
-1.790345
-4.433024
-3.404548
4.162427
-1.594921
2.059129
-3.805354
-9.036621
5.749317
8.795482
-3.264663
-3.020811
-3.282009
-5.24048
1.884073
5.564457
-6.399484
-0.2767636
8.246411
-3.232188
6.17562
-9.089307
0.9914925
-0.3368978
-2.347237
-3.092044
-3.460876
1.638843
1.149603
-4.544405
1.311256
-6.56389
-3.27444
0.8355558
6.958984
-2.388793
-8.063502
10.45503
5.375909
-3.817597
0.4052195
1.272897
-1.86428
-4.359923
-2.739941
-2.701691
1.078864
-2.356996
5.222854
-6.274711
-11.26192
-12.33785
6.251799
2.083251
-4.062305
-0.43125
1.577469
-0.7033985
-1.932775
-4.452996
-6.9336
-3.111626
-0.5442064
1.210365
7.95023
-7.655861
0.7251544
-3.567894
-7.93552
0.2016093
-8.35627
3.639078
1.647256
1.226704
0.3821376
-0.5112526
5.893776
-0.7645417
5.523733
-7.48036
4.150481
0.7462306
-2.429514
-7.91225
3.333348
10.63435
3.572976
-2.459898
3.809109
-1.225883
-3.598647
6.858178
7.852979
3.920696
3.675822
-0.8174579
-3.051353
-2.57367
-10.0105
-11.32994
-3.257333
-5.569741
-2.400426
-4.937991
9.975169
-1.374159
4.142784
-1.982905
-6.107852
1.580592
-3.240943
-10.50473
-2.983415
-4.203916
-7.485444
-11.08396
9.077053
-13.08688
4.941896
-6.691637
3.500701
0.4816067
-5.755122
-1.888935
-0.5973684
4.405934
-3.720428
-10.22394
6.695732
2.251276
-5.082702
3.926537
4.03811
3.09938
2.40067
2.627239
-4.451593
0.4364138
-6.324263
-4.229887
0.6499038
2.247649
1.389884
1.663458
1.164275
2.914235
2.23915
2.178197
5.185765
-5.430959
-0.2254469
0.9980847
1.809477
-1.894067
-1.18197
9.917035
-1.895787
1.013646
3.569276
-1.902635
-8.948938
2.307633
2.189372
-1.811074
0.5207545
-0.3984295
-2.235946
2.773499
-3.241222
0.643534
-1.564543
-5.978531
-6.313248
-3.068845
-8.865669
-5.045142
-1.867786
-2.173465
0.5849986
-0.3676111
1.414278
5.103315
-1.108401
-3.910772
4.303151
2.348941
-10.22602
0.01930163
-6.227847
-2.866392
-1.452677
-3.531299
-0.7284388
4.148503
-1.986466
-1.072557
-0.1875166
2.598909
-2.589981
1.398438
-2.097595
-0.687437
5.417278
-4.033994
-2.86119
-1.886348
-6.939145
0.7538854
-5.464134
-3.527121
8.991196
-5.378708
0.8112882
-4.331469
4.590378
-2.643981
5.520389
3.069103
-1.044273
2.986328
-0.4749053
-7.907059
-2.875103
2.894563
-3.773386
-13.8902
-11.09996
1.86185
4.997292
-1.518952
-4.777781
-0.8564091
3.75492
-4.224449
2.877933
1.223799
7.86746
5.303444
0.1561287
-2.1794
-1.974589
0.3349573
-2.436145
-0.4842078
9.500063
-5.725376
7.536652
-4.571306
4.843989
-4.946351
-0.0101031
-7.749011
6.534293
-1.070474
-10.0968
0.8885107
8.778485
5.261954
0.7124676
-4.201442
-6.461231
8.026382
2.491918
2.439808
6.494583
-6.690359
4.82884
-4.375109
-4.117336
-2.95357
8.477932
-4.74766
-4.280772
0.1628837
-7.091985
-5.341532
0.5734384
2.429535
-4.913742
-13.55578
9.246901
-2.754532
-1.868901
-1.661288
-2.445068
5.11229
-1.691561
-0.6775723
4.819885
0.457063
-1.492932
-6.445916
7.974049
-5.308824
1.848583
-3.780019
4.079197
2.156616
7.706022
4.834237
10.0427
4.221367
5.449557
-1.798114
9.383808
9.289879
0.6855027
5.005783
7.392939
-4.444496
0.8462218
-10.36092
0.9188341
-1.995666
7.026562
-3.447393
-13.06053
-11.56582
-0.7369576
0.3482306
-2.168311
-3.316245
1.994359
-6.611029
-7.63268
1.327842
3.833196
-6.195485
-9.129562
3.886193
-3.283546
3.743209
-3.148849
-1.550972
5.343648
-10.31352
2.52894
-1.219061
-5.753255
-8.460454
-3.212678
0.8324093
-4.414477
-1.858942
2.024585
3.835193
0.9531097
2.081249
1.516112
0.2043446
3.69832
2.039017
-1.009478
1.090658
8.638449
0.4006396
-2.572386
-3.224556
5.035784
2.429343
3.241674
4.526554
-6.90129
-2.244912
0.2439926
3.877255
2.806962
-5.179543
-2.438977
-16.12251
-3.210757
8.962651
-5.772553
2.583766
5.06024
-1.17826
3.252929
7.516037
3.443472
-5.756313
-0.5536205
3.414773
-2.600576
5.420878
1.196305
-1.000444
0.2182493
-9.184979
4.622549
1.239391
-3.103987
-0.3869931
1.635736
-0.1602387
-9.370772
-2.18565
-5.492937
-2.052294
-2.966366
7.358479
-6.799582
11.09571
-5.577198
3.066879
1.911961
-2.901982
4.536862
10.88593
0.8883712
1.514241
-4.15942
0.8105693
7.031436
-2.133117
8.775069
6.644351
1.959577
-9.310174
-5.652358
1.658561
-2.38867
0.01105671
12.38976
10.94965
0.9440396
1.08099
-4.012291
5.382803
-7.326226
3.586953
2.448113
-8.211297
-14.71007
-11.38405
-1.893333
-7.539796
-0.2884353
-2.481677
-0.7451292
1.068209
-3.979613
4.753139
-8.983317
3.589682
-0.8260446
1.374414
2.284612
-8.938435
9.844743
-3.812294
-5.401318
-8.111477
0.7733837
3.66553
-5.187751
-3.003585
-6.452368
-4.519908
0.06533485
-3.562006
-1.572475
-0.5682916
0.69564
-6.264477
-4.571051
2.942596
-2.647006
-9.093602
-0.5335658
4.129497
-4.348087
-6.757168
-3.061208
-8.363772
2.256963
4.16095
2.862134
-12.40312
2.089276
-3.46553
5.924467
-6.706492
0.7801259
5.482503
5.320358
6.956401
2.714184
6.118128
10.03068
3.170831
-5.823219
0.1181518
-3.803797
-0.8318042
0.03144186
2.361131
8.209903
1.503724
-1.715393
-6.527842
3.279708
-3.545375
0.4729764
-1.600803
7.052526
-6.230844
8.688895
0.6400576
-5.220347
0.1095393
4.784181
-0.1831767
0.722122
4.521238
-0.3066197
-2.371527
-2.36585
5.166222
0.09657687
9.28443
4.09982
2.91876
-2.876812
-5.237411
1.423815
-4.290189
11.11065
2.669176
11.52142
-4.044081
11.29416
1.648334
4.837764
6.602075
-3.67068
2.866982
-2.405143
-4.510557
0.603547
-2.483273
5.237193
4.789019
-5.188244
-3.110582
-2.359303
5.719124
-0.1549907
-3.501693
1.271478
-1.674069
5.899285
3.883782
-9.668361
2.30678
-5.602442
4.870133
-7.750709
-10.75956
-1.556886
2.097105
-0.168675
5.051967
-4.712222
4.860906
0.7133711
7.989542
4.069102
1.140403
5.834806
-0.3927197
-3.727819
3.965865
4.681255
1.489121
-0.7545752
-2.180668
9.699708
3.398409
-0.1416699
-1.835772
4.257208
4.59988
8.023243
6.320722
0.6039969
2.500322
2.602667
4.521162
2.052918
1.503051
-1.460433
0.579508
2.51898
5.87502
-7.11838
8.379368
-7.012798
-1.740869
9.859943
-1.610679
5.146953
-8.677487
-0.5589539
-3.834185
-1.147534
-3.375818
0.305048
-5.841238
-1.14887
-3.490648
