4.198316
-3.214096
-1.453855
2.626282
1.891504
2.292088
4.312659
6.811993
7.91197
-8.226064
8.659144
-5.555525
0.9480498
-6.695525
-11.21903
-6.350988
2.093713
8.972129
-3.504028
-2.700523
3.023289
10.40271
-3.271257
-6.84657
6.915578
2.557525
1.823565
3.964994
-4.742211
-2.741446
-0.2096339
-3.265653
2.035854
-6.876983
0.6567878
-2.658436
-6.674382
6.011733
11.43549
-2.370503
-2.434155
3.06355
-4.778031
1.472921
-2.8475
3.447469
7.039027
0.4742769
0.02876284
-7.083433
-5.70948
-5.258193
-4.199842
-3.207573
-3.788107
-2.123529
4.827553
-2.435684
-1.059212
-0.1821882
-2.705161
-1.557719
0.03324273
-1.224659
-0.3309343
0.01876357
5.417318
1.92538
-8.547661
2.001522
5.739637
-0.1468129
-6.426936
-6.146422
-3.278482
-0.0714464
-1.041227
-1.897
2.133624
1.992616
-0.1393942
1.342731
4.095506
-1.182893
0.4185191
12.29377
-2.792101
-8.108302
2.271592
-2.543768
0.03122489
-3.245648
-9.456562
0.9002993
2.138511
2.865977
-0.5538792
4.126105
-2.298179
0.5821462
2.682128
-6.574857
11.91155
-10.98126
0.3949731
3.60065
-1.154273
8.679705
4.313436
-0.6953839
11.09022
1.05344
-4.319461
4.983591
5.645415
2.37827
0.2875127
-5.446005
-6.630162
1.973843
-4.930254
-7.725721
3.886603
-3.795295
4.732625
3.252185
6.703741
-1.389157
5.671965
7.221087
-6.775604
0.8441824
9.934827
2.502713
1.276608
4.624461
7.842846
-12.21716
1.454611
9.291816
-0.3668992
0.7251868
3.03557
11.23101
2.605731
3.292817
6.714532
0.2352824
-7.311184
-1.395175
2.467977
2.232615
1.47603
-5.581697
-1.035369
-2.558912
7.166863
0.003011949
-3.755573
0.2131062
2.209177
-8.231049
-12.45491
-7.072498
-6.724309
1.629899
4.656633
13.07283
2.708457
1.464014
1.338429
2.318586
-6.745865
-1.062918
-2.195
10.6502
7.955257
0.668432
-10.02691
-4.63765
2.062454
2.963576
-0.8435064
6.498
-0.835223
6.327733
-5.41096
-17.35224
-7.377696
3.546447
-4.685312
5.388595
-8.575327
-0.5948033
2.21851
-7.196033
-8.280554
-4.732831
0.7140051
6.116175
3.659983
-7.824669
-0.5152145
0.0387514
0.1966525
-0.2781725
-7.606232
-7.988049
-2.772901
-0.2321614
9.538216
3.298534
-1.554052
0.5834615
5.936843
1.468742
7.877242
6.956723
0.5504651
-7.333404
-2.951314
-2.680033
-1.535089
-1.357049
-1.285367
0.9806764
4.83198
-6.076777
3.131174
3.22154
-1.462098
1.17297
-4.702718
11.82906
-3.320238
8.206881
4.640966
-4.867896
-3.598075
-8.583821
0.01847635
2.124148
4.873208
0.1210188
1.770424
4.510229
2.481532
-0.05913338
3.157395
-9.819147
-1.290232
-0.289859
-3.60884
7.339862
-2.535666
4.074312
-13.06446
-3.972801
-3.115923
-2.124994
-5.317712
1.323433
-7.450984
-8.020616
1.003062
-2.81571
3.230147
-2.561451
-0.1975474
-2.773076
-7.60192
-2.278505
-1.900497
8.282871
-6.21117
-5.298346
1.508022
-3.889749
1.000646
8.178024
-2.990277
-3.231809
-0.1187871
-6.240976
-2.372572
1.608531
-2.862977
-0.001812101
-5.546087
9.215898
6.709364
-3.21464
9.868244
-6.563753
0.9405508
2.456435
5.346374
0.07965115
-0.893925
0.177325
-1.263712
1.469762
1.51553
-3.300557
-0.3915262
-3.787281
7.005992
7.176657
2.342938
-2.208171
4.732849
1.662869
2.848075
14.63928
2.506169
-6.099375
-0.3568757
4.878387
0.3459054
6.554839
-0.01472886
0.4873104
-2.122421
-1.729807
4.552524
-10.05959
5.987771
-2.432482
-3.664448
9.501822
9.010482
0.2106326
-3.967092
-6.558951
-0.8528827
1.481774
7.364183
-0.5252712
-7.425491
-1.726843
-7.476694
-14.01594
4.370235
6.024645
1.520777
-2.865862
-6.671586
-4.582807
1.424168
3.436453
-9.682705
-1.672248
0.4784063
0.8313241
-8.080789
-0.9074481
0.1389724
0.960655
2.667419
-6.39258
-0.9201036
2.528186
-3.127783
11.63629
11.47057
-3.975985
-0.6415145
10.53214
3.848309
-3.172504
1.384773
10.01443
-2.133489
-9.28512
3.243145
-1.700488
4.700698
3.117704
4.730994
-0.6077831
3.177485
0.1501461
-5.147221
2.104706
5.633156
0.7152737
1.012805
1.788441
0.5888017
3.328772
0.08298793
2.067714
3.683091
-6.343837
-3.855395
-14.07202
-8.368823
7.945058
6.123119
-2.619716
6.280607
5.345537
1.172159
-7.505769
0.8549486
-2.166178
7.198787
5.572531
-5.890488
-2.561747
4.881258
0.3151604
4.387372
3.815633
6.969831
0.5028204
-5.035924
7.320515
-3.126443
-5.05158
2.171733
-0.6526909
3.071978
10.04356
-0.2893515
-1.827061
4.036034
9.113148
-8.963133
1.279556
-2.058947
2.286821
-5.038449
-1.917823
0.8309126
-2.48328
-3.886223
-9.041528
4.849352
6.037888
-2.728743
-1.366802
-2.722436
-5.07194
-0.8978901
2.493885
-4.975205
2.203553
3.115653
4.168133
-3.816544
-1.167743
5.746707
-4.855923
5.968149
-4.101551
1.648717
-0.9965711
-3.193651
9.540349
-0.3361943
2.4645
2.588955
14.5736
-0.9989066
-2.815496
1.614643
-7.864044
2.068875
9.247303
-7.801506
-3.373227
-4.758186
1.524157
-3.688271
4.303248
-6.325835
3.743794
0.6534937
-7.026495
0.3182389
6.570637
-7.32287
6.749978
-0.5285912
-0.122864
-0.3322071
-3.595987
10.44569
6.879496
0.5799197
-6.030997
-0.1956142
-4.11815
-2.408191
-3.000174
1.626459
-3.176862
-12.79092
-5.484818
0.7398453
2.918868
-2.483881
-4.876424
-3.136393
-0.72086
3.346534
-0.7673702
-4.409046
-0.2527719
-0.1300768
-6.008538
-1.315469
-7.577936
8.641924
0.1042379
-2.956416
-3.943643
4.565033
1.456639
-1.534125
-1.224453
3.442416
4.318131
-0.1410517
0.9154624
4.723249
-0.1893209
3.494742
-0.2974929
3.283485
2.212364
3.978089
-5.57959
-7.317642
-2.752929
3.915989
6.080996
-4.715008
1.340807
0.07060619
5.70211
2.454294
-0.8769024
0.1098653
6.062904
7.113388
-5.972311
-4.398456
-0.4987745
9.141909
-4.071329
-4.713203
4.558727
-0.07115627
3.349697
-0.3876047
1.349556
2.248249
-0.33822
-0.3006956
2.213808
0.3337007
0.5969685
-6.823876
5.633243
0.2770673
-0.3892073
-1.041369
7.075439
0.4899262
-1.761778
1.476326
-9.499057
0.667703
3.111572
-9.008995
0.2160127
6.174645
2.881207
6.014332
10.0842
-1.081181
5.356472
-2.537471
-1.108393
-8.348915
-2.966356
7.271581
3.664689
-10.70769
6.612901
-4.217209
-2.47924
-1.95802
6.567685
6.047744
-1.504812
0.2195756
-5.387619
-2.390702
5.641607
1.256872
-3.193303
3.043092
0.05946297
0.3090807
-1.739987
0.3714389
-4.431071
-4.069579
-5.248269
4.589562
3.780019
-1.11133
-6.339975
-3.074419
6.725153
-5.068517
3.300723
-0.3251125
-4.763361
0.3902645
0.3173366
3.009538
-3.218215
8.778679
4.047116
1.374335
3.690993
9.604793
-1.622929
-6.978101
-3.22786
-1.263591
-2.575505
-5.380503
1.998423
2.331026
0.8593227
6.565573
2.186409
2.289334
-8.24467
8.171342
-2.152398
-3.879737
1.024363
5.058595
4.540462
5.072918
12.79972
0.8324083
-6.874109
4.525424
-2.602261
-0.03111466
-0.7456625
4.119624
2.771058
7.856133
-0.4799954
-5.14711
11.79069
-2.365556
0.6233265
2.354131
2.208576
13.43446
-3.404056
-4.731254
-4.163001
3.136223
-2.719718
-2.031568
-3.72113
1.075348
1.255682
14.84931
-0.0385187
11.12208
-0.3313872
3.339193
1.59962
1.586503
-2.856638
7.004242
5.748705
-8.917471
-3.296125
-3.325724
7.396495
-4.922991
-5.640967
-3.6699
0.9985615
-2.551093
-2.819413
0.1836301
4.52855
-2.510856
6.729685
-9.676448
-1.612164
7.75295
2.417056
-9.514511
2.008972
1.266077
-12.7407
-2.007367
-4.020481
5.769321
-4.960238
2.139959
0.8892366
1.588393
-9.660273
-11.95875
-0.142567
9.110472
-4.131776
5.045995
-0.2480725
-6.33082
5.598514
0.1163218
1.694759
-4.346267
-4.446143
1.945282
-6.965864
3.369618
-3.716999
-2.667109
2.32655
4.687474
-1.181084
7.652947
-4.165782
-0.8431904
3.689638
3.327759
5.191106
8.293977
1.148943
-2.226322
-4.081953
2.250876
4.587949
5.045734
5.751942
3.861285
-2.750985
0.1709369
-0.02751801
-8.468216
1.219033
4.580276
-4.242007
6.846925
-8.71564
-0.1341939
0.512697
1.771924
1.693973
3.128488
-2.215625
-2.829357
-1.398723
12.01796
8.180636
3.710078
4.96053
-7.284242
-3.181016
-1.286955
-7.794787
-0.9483685
-1.613715
1.235167
-5.516582
-4.189577
-0.9103622
-0.4776188
-0.6966395
4.509712
5.775942
12.53578
10.64414
6.769267
5.611785
1.445364
-12.31766
4.353298
-0.02225842
-1.47547
1.005595
1.928968
-4.789761
0.5722626
4.49131
-4.511501
-1.907595
-4.188965
-1.666063
-2.659771
-1.54975
2.655017
-4.180955
2.187043
4.294626
7.561025
-4.011992
-2.420899
-7.085825
2.154082
2.405151
-2.467556
6.789264
-2.199681
7.791693
2.430768
-1.208366
-0.8653569
4.767437
3.290168
-6.681289
-9.400775
4.579761
2.870724
1.353143
1.934605
-1.675361
-2.628095
-3.333437
2.807963
4.802368
2.827719
-1.509315
-5.75007
4.045844
5.666975
6.965356
-0.3114715
-9.423701
1.714402
2.26633
-3.937308
5.729696
-1.536917
6.211847
-1.884193
2.208808
0.7871636
-0.7071083
-5.563156
-3.578132
-6.956472
4.259075
-8.068523
-2.745322
-10.07875
-7.950721
-4.886851
-3.143214
-0.4685734
5.841789
0.2670917
2.741276
-10.98912
-2.586487
0.6279054
-12.07301
-0.1649241
-3.478763
1.484122
4.974373
5.818281
6.100483
0.07142983
-2.260122
-2.221777
0.447721
5.721998
1.300954
3.238087
0.3691804
3.610675
-4.519546
5.345245
-0.3778078
1.827408
-0.06287975
-10.22631
2.150902
-1.617992
2.391262
-4.763199
5.041985
0.1825796
-2.073046
1.587274
-10.46004
-3.580092
0.1438789
-8.359471
-2.342132
4.563709
5.212353
0.6354521
2.126249
-0.1004271
2.519626
4.501766
-5.340243
-5.197566
2.660387
2.580195
3.481598
6.11383
1.803042
3.210855
-4.225008
2.148759
8.270638
0.3316142
0.7888565
-0.4510803
-3.653174
-4.063254
-4.027905
-5.049509
-4.84089
-5.140584
-5.435423
-10.79146
-4.50656
4.246905
-6.43083
3.399321
4.836815
3.127935
3.570101
-5.881154
-0.2047991
-6.230546
-4.535521
4.697187
-7.757489
-2.053181
-3.277598
-8.636762
0.8277067
-5.034796
-0.1608621
2.222212
-11.25444
-1.181585
0.298793
5.317184
1.1193
-0.7120968
-0.3319261
-1.151346
-3.266687
-6.361404
-11.93331
6.518638
-5.867437
-3.619467
1.793456
-4.577546
-0.2386134
3.180612
-0.1848244
-9.112601
0.7707876
-4.214747
12.57292
-3.470048
-1.111103
-4.158779
12.49475
-3.074909
14.19346
0.6358203
-4.083355
10.53257
-4.983431
-9.385986
-5.425382
-5.25047
-1.131174
1.74155
1.177633
-1.343813
-4.361735
0.1587813
-4.232959
4.954539
10.32042
0.4473405
-12.12869
1.174629
2.119037
2.574801
0.4712237
-4.444814
-3.533458
-1.9719
3.412299
3.225718
10.26552
-0.4176051
-1.06327
10.75121
0.4303197
-5.281491
-0.7481112
-6.469582
1.121127
-2.801338
-6.091736
-5.754008
-1.109703
-9.139063
-7.721642
-3.568498
-5.469159
-6.629964
-11.98832
7.674998
-3.855507
1.05407
3.21124
1.610263
-0.4202662
-2.356394
4.659437
-6.108008
7.83991
5.061522
3.331542
-6.858997
-4.268515
3.928374
0.6052755
-0.13917
-1.214211
-1.911645
12.0064
3.505249
1.531346
-2.028207
-4.884176
-1.852381
0.6597268
1.083926
-2.963823
9.103194
-5.470469
-4.452238
2.928201
1.453239
5.039151
-6.104487
-8.277387
0.5890517
5.143613
-4.969754
-2.555532
-2.100013
-2.775814
2.578323
-2.183355
-6.35428
-8.364384
-1.468977
-4.006285
-1.523213
-8.561701
-2.726039
-1.56913
6.187919
1.548404
11.2474
-10.8224
-7.344076
-1.886998
14.57076
-6.924561
5.230372
1.858834
-3.736233
-0.2160103
7.734409
-5.933634
-7.285562
-1.035315
-3.045869
-2.685285
0.5223069
-5.59159
-3.374592
1.179606
-1.668859
3.609589
2.251166
-0.3571501
2.640653
9.153215
3.21252
1.34416
9.020219
9.181556
-0.5461196
1.693869
-3.394584
-0.4432283
1.888636
-7.683318
-1.752211
4.723223
-2.217015
-6.090821
6.171028
-4.017271
-2.973524
-2.097345
10.0424
4.151696
2.564118
-0.6448042
0.3243554
1.941197
1.068446
1.12763
3.707856
-5.824931
3.142984
-1.984882
13.08031
4.315444
-4.223301
3.960626
-2.204946
-0.7007894
-0.7278683
1.330335
-3.867767
-6.422283
-2.340349
0.9034239
5.124436
19.42897
-3.136125
-3.842639
-0.9954651
-8.047863
-2.091362
3.958081
-2.404192
-3.990586
0.8223085
1.491339
1.744397
2.938035
5.385971
6.637238
-0.6438854
5.182908
-2.859499
-8.198621
4.256468
-5.166929
0.2662643
-10.15924
-4.382743
3.355251
1.556853
3.720519
-4.092776
-3.975983
2.759581
5.321074
-0.4980838
0.6486894
-6.001133
-2.12256
-2.411981
-5.477779
4.10076
-3.61241
7.772373
10.86743
-1.849906
8.573848
0.7779485
8.456396
0.8035407
4.675602
-1.363314
1.06072
-4.279709
-2.272293
-9.095193
0.7461408
2.495964
4.982236
-3.170421
-1.754772
-1.015818
-7.313129
2.970005
2.892166
1.449222
0.6202254
3.903177
-3.332566
2.991518
1.07671
-5.001725
2.19637
-4.872242
6.042669
-2.376929
-4.297693
-1.307896
7.612054
0.916481
5.850833
-3.405426
-3.537519
-5.532961
-2.703674
-7.767066
-7.871182
4.054862
6.748287
-3.855325
3.860139
-1.799686
-0.4486628
9.026407
9.901751
1.030824
-1.388248
4.915599
-5.022426
8.634551
7.118038
1.28068
-6.036319
-0.3169934
10.02208
-4.598733
-4.732521
1.319324
-1.689658
-3.27867
-5.975683
2.182965
8.668555
-1.797759
-9.052048
-8.07554
0.2416155
0.07380335
3.56072
-1.10505
-3.988338
5.658076
5.724828
-6.131686
-3.042582
10.76969
2.713909
-4.626633
3.117753
-7.377069
4.056151
0.1160541
-5.298941
1.8752
3.232341
8.031641
-0.7400146
2.096168
-0.9732176
2.413466
-12.04359
2.435208
-10.35789
-2.414223
4.476259
-3.139214
-10.06685
0.5768138
-3.734414
-1.985415
1.53624
-1.580816
-0.08971353
2.153609
8.159324
-5.479327
-0.1874832
-2.803804
5.567146
-3.051719
-5.335704
3.335257
-9.670018
-6.057642
-5.282048
3.787762
8.512646
1.691311
4.002192
-4.420714
-5.622543
3.631661
4.31674
-13.82421
0.2325999
-2.894666
3.415553
8.196301
4.710271
3.793202
-2.746299
-0.8834859
-4.703786
-0.7708797
11.19617
-5.892142
-5.809419
10.11011
-4.745579
6.67927
-3.12742
-4.954295
-0.6730614
0.02724544
-9.042525
-0.6688456
-1.807356
0.1213855
-3.399687
7.098412
0.5111612
-2.496434
3.801496
4.320187
-0.6155593
7.011386
-2.497515
3.60538
-0.1605268
0.9685903
-3.500109
1.281821
4.426845
-2.686261
-7.697191
-4.370137
3.829625
0.04980969
9.335
1.766331
1.51425
-4.487769
0.3877529
-0.7485399
-3.55335
1.879631
-6.871274
9.275138
1.259585
-2.384149
0.659062
-4.373203
2.906138
-0.2337422
0.8079258
-2.212857
5.473592
-0.5807131
-0.270686
-5.260716
3.221955
1.952943
-2.054355
-9.269331
-0.05617068
-1.950375
-6.312763
3.696917
-0.05116088
6.595916
-3.103832
2.629518
3.301967
-0.8421334
2.889268
-1.550532
2.980197
-0.5919221
-4.729866
-0.1979328
-4.770199
1.650937
-0.5810254
-1.482122
2.068468
-5.034194
7.057885
3.380284
-1.505933
-9.575191
-2.09315
8.367272
-0.966154
0.527769
1.231566
-3.317043
-4.641763
3.223591
-5.249665
-0.9790959
-1.962081
-4.293037
-3.984249
5.004714
-5.311582
8.249417
-6.994131
-2.950059
-1.182386
-6.403655
8.827249
-12.73394
0.355616
8.783994
-8.134138
-0.4722369
1.731667
-3.485451
6.981076
1.840375
0.4707308
2.63709
-3.473044
-4.603962
-6.065138
-4.025085
-2.523783
-6.339601
2.275391
-2.070563
-6.009334
-1.851458
0.001294976
8.691999
-5.32191
1.357906
1.304058
-1.566795
-3.69049
-1.209368
-1.377022
-4.504654
-3.292174
8.922199
4.738858
3.433235
1.740015
5.571516
-1.336459
1.237067
-2.39218
-14.84429
5.693893
5.993321
-0.7580694
-5.817674
2.309097
0.6353174
-0.5055068
4.442914
1.838489
6.638976
4.508984
-7.275891
-1.444695
5.169021
0.009298301
1.603787
8.692995
-1.854013
0.6246826
3.722402
5.918445
5.546125
4.666739
5.311874
-13.75398
-5.550794
2.74615
-1.038367
-3.599641
-11.05929
-1.061863
-2.738463
-6.093764
3.486658
-5.963138
-5.147013
5.67801
3.281553
3.511791
2.725187
-3.722807
-7.066723
6.446687
2.45003
-1.662066
7.537731
-2.961539
-6.374279
-9.07428
-4.199255
6.029445
-3.445773
-2.787457
1.032196
-2.992381
4.0462
-2.124199
-6.545156
-0.7416545
-4.905759
1.324734
-0.4599633
-5.241204
7.224275
-6.921198
3.675412
-11.6694
1.150188
6.706777
4.822523
-5.690676
-1.613333
-4.214289
2.550167
-3.251737
-3.662297
-2.970847
-3.738522
-1.337815
8.721952
-2.777394
4.541265
1.586949
-0.01376567
0.2295943
12.47717
-10.13615
-0.6636974
5.160196
1.856434
-6.892975
-10.67872
0.4423488
3.82407
1.353488
2.759303
-1.278242
6.706653
1.227665
-0.2788201
3.853684
-1.83921
-3.770722
-5.391327
2.085574
-8.121855
1.949782
1.357978
-5.876059
-8.544273
-8.863851
-3.666245
-1.201433
-9.102834
-4.475957
4.173467
5.371063
3.084362
-9.945005
-6.05862
5.638785
-0.496711
4.979435
-1.408739
3.387517
5.736091
-0.03998348
6.955166
-3.108225
0.2003891
3.790525
-0.2317516
2.779274
3.935172
5.474727
-14.48801
0.2605472
10.87323
-8.943345
-0.7918207
-6.319606
-6.08184
4.493755
0.2590026
-1.275528
-5.430788
-1.191175
-0.1494769
-1.677427
1.85827
5.867798
2.21131
-1.10578
5.713429
-1.071197
2.305622
1.216472
-4.715933
6.403758
-3.993181
4.00402
-0.3426537
-2.75234
1.587379
-4.283624
8.870671
-8.084843
3.855567
1.221795
-0.3676796
5.702254
8.409168
9.28537
4.943668
-4.810805
0.9297715
1.267971
1.197406
-2.911838
-4.993853
-0.3418983
7.834228
4.113342
4.025188
0.8270482
-2.366351
4.613912
5.902175
-8.421809
1.054854
0.1698863
1.319889
4.243627
2.302809
-2.088056
9.994758
-1.415306
1.528595
-1.227251
-1.716316
-1.482243
1.310632
-8.628007
-4.423405
3.239249
-5.583965
-8.653905
0.4458323
5.015254
5.597796
-2.023606
7.256915
1.915226
-3.38812
0.1382456
-2.851177
-3.335679
-3.015143
1.685085
1.450348
-0.5191463
-0.8164118
-0.193169
-4.544906
3.800305
4.182295
3.133629
-5.145062
-4.426765
4.926027
0.9991139
3.533344
3.894831
5.253228
-4.860254
7.049627
-0.5556938
-3.025091
-7.271623
-5.443951
3.903323
2.870427
8.53099
-3.777878
5.623733
0.06874934
-9.193035
2.328802
-3.396379
2.712686
4.106196
2.41258
-3.653412
-8.210807
6.86978
-2.349883
-9.454423
4.355708
4.819874
5.097508
10.09715
-3.369913
5.732144
-4.614635
-3.807132
0.2909975
-1.845003
-1.303787
-7.452687
3.840137
4.238257
-4.486024
1.981179
16.10408
0.8218076
3.876169
-2.448177
-9.777007
0.7176621
5.105393
-3.968186
-0.9826318
-6.66392
-5.415841
3.188127
-4.622166
6.942052
0.1751958
-3.069727
4.780957
4.14779
-3.567766
-2.538952
-6.80942
-0.4577947
-3.095628
-4.370467
-3.065182
5.198895
10.53967
-2.157266
-3.692734
4.751956
2.00696
-6.61396
7.095348
-8.075716
14.63887
8.686679
2.346197
-0.3293462
5.335502
4.294867
-1.714731
2.181219
3.902504
-0.5965356
-2.257122
-0.5360431
6.410897
4.617141
-17.26917
1.957658
-2.687629
-7.317316
0.02672961
0.1549457
-0.3730509
-6.414326
-2.711268
-1.6361
5.813423
-8.309412
-0.9486442
0.5942299
-3.238649
-8.571623
0.5083093
3.293633
-2.745304
-3.891563
3.303366
2.312054
-2.235376
5.867388
-5.545054
-2.829708
-1.523969
-2.436615
-3.923321
-3.095435
0.6455811
-7.261318
7.161357
-0.3990008
-1.392133
-6.816032
1.416763
-8.000212
4.222436
4.46363
2.951905
-4.280987
5.565763
3.582462
-3.529194
2.623137
-3.844709
5.317818
-9.828626
0.7296473
-2.223023
0.9038169
4.45976
-3.884053
0.3749705
1.078726
2.307136
3.249758
-1.096197
0.2812791
2.126551
-3.46711
-2.991823
1.132789
3.16696
-2.784736
-0.06722494
-4.886198
-14.43723
-3.64873
3.65507
8.876184
-7.854139
-1.855283
-0.1151682
-1.651122
4.135917
1.367556
2.070553
0.7728531
-2.079333
7.767886
-2.963743
-3.897559
-2.671842
-4.148562
-0.700569
4.614855
8.714779
0.9423528
10.14398
-8.510554
-3.135765
4.1691
0.4123096
-2.896051
1.553899
-2.030104
0.5381023
0.6339908
-0.7541772
-3.007528
-5.93746
-8.089227
-0.9344696
-7.540843
0.7274233
0.991194
-6.568214
3.573911
-4.624464
-0.2561229
1.694868
8.194352
8.551167
-3.060252
-6.972123
1.907386
1.344291
-5.242739
2.208344
9.051414
3.87746
-8.458112
1.878572
-9.011942
5.425235
-1.792432
-0.8772149
-5.186855
-3.138336
6.522325
1.896686
14.09233
-1.37564
-1.820223
0.2738463
-5.441286
3.217456
-4.460917
1.319827
-1.82846
-9.549769
-7.10093
-8.171092
7.995746
-1.593493
-1.464806
3.53558
-5.6545
-6.065823
-3.87253
-6.468084
2.386553
3.79061
-1.079739
-1.698376
-2.569729
3.679893
-2.82168
6.586567
-5.274911
-2.857964
-4.866757
5.105525
-2.012527
-0.2409975
4.289622
-2.92988
3.358903
8.825187
4.954731
-0.8145556
-3.742976
6.771947
1.737212
-6.206568
-5.857024
-1.830779
-0.166803
-1.594375
1.854874
2.282929
2.198738
-3.833694
-2.292403
4.268688
4.346407
-3.197108
-0.3475868
-5.451147
-3.700935
-4.800877
3.727661
-5.773853
3.19699
-0.4719428
-1.12177
-3.557446
0.4508521
-5.805432
6.047568
12.4685
-4.07331
-1.064521
8.350099
-1.560865
-3.833689
3.874142
0.4125118
-8.2707
-8.195011
0.07968243
3.475256
2.747895
-2.044378
-3.299174
5.132248
8.412662
-5.973957
0.5240048
-1.684275
-8.186933
2.185992
6.124402
1.662134
-3.04137
-3.680605
-2.660161
4.831891
4.519624
5.423355
-1.44806
9.797429
-2.952953
4.809589
-4.038728
-3.40579
0.8733913
-0.8824427
-2.520072
-2.668852
-9.203239
-0.2021966
7.693598
7.00333
-8.900131
6.962893
2.239545
-5.813891
4.009957
-4.185169
2.435717
9.940866
2.624428
2.253866
1.245254
7.68811
0.8014844
-6.664094
-6.023948
-0.1248026
1.512906
-3.490798
-9.583736
4.871409
4.478377
12.01488
1.077325
4.476953
0.2359032
1.902307
-2.33321
3.966536
1.886551
0.6371784
8.122948
-5.79185
-0.9808789
1.778008
4.239939
7.016284
7.502836
-7.000035
-1.857275
0.18338
9.242602
2.527837
1.435786
1.927317
9.44182
-1.994983
6.145284
-5.724466
1.823573
-3.558133
-7.689284
3.396078
2.168184
-6.622696
-4.492813
-5.719163
-8.202675
-1.405937
-5.357103
2.082688
-8.749621
-2.060945
0.05668466
0.09640729
-1.570476
1.130567
4.39875
-4.472102
1.517386
12.95983
2.634911
5.282647
-7.656031
0.05739511
-3.89525
-2.895313
-9.153675
-4.75457
-0.3021176
-7.103505
1.127407
0.2997745
4.696072
-2.463987
-0.05562615
2.652834
9.216812
-9.273376
-1.060233
-5.07003
12.76501
3.352229
1.807112
3.836755
0.6747584
1.867547
-2.26799
-2.703823
-10.17315
-7.949345
10.41167
-8.258989
-2.915089
10.80153
-3.457601
6.009801
2.304806
4.567561
2.964547
2.694278
-4.468014
-4.498521
-6.261398
3.342854
1.031196
-0.4313606
-2.559336
-3.187853
1.452977
-0.07235108
5.134847
0.8649175
5.254397
1.252428
-4.373734
2.184668
9.482131
5.014048
-2.404015
1.92793
-5.085782
-4.406942
4.23403
-7.897821
0.077443
-0.3570882
0.02560453
-2.913913
-4.632695
5.456196
-14.11535
-7.021444
-6.842755
3.538082
-2.942405
-5.289574
2.587267
3.866321
-13.66266
3.451393
0.02770688
3.468598
-7.781594
9.4782
-1.088364
-2.168557
6.116242
4.992432
4.011768
3.929827
-2.786778
-6.908121
8.608637
4.648208
1.045966
4.014151
-3.939539
-4.03901
3.697694
2.71847
-2.04789
2.79826
-1.524262
2.203143
0.04563732
-3.103367
-2.812229
-0.1169263
4.420869
-5.572545
-0.5796822
0.02689266
2.837178
-5.375742
7.139104
-0.01095058
-2.255041
4.242118
0.159049
-3.427373
-4.534142
10.08387
-0.3689071
1.230142
4.509717
6.306918
5.597334
8.481057
-2.282845
-8.822747
5.659604
8.382904
2.125099
5.797454
-10.17989
-3.573422
4.746948
0.3605481
-0.205466
-2.493693
8.835329
-4.515618
-2.378408
4.522485
-6.932886
-0.1752039
-1.487248
-1.088819
4.13474
1.064124
9.493979
-5.414461
2.960537
-0.4012356
1.024417
-6.621596
2.386422
-4.000487
0.08228406
1.420557
-3.244056
-8.090943
12.5971
-3.617018
-0.6713105
1.862311
10.1526
5.077911
-0.6332116
-2.162076
-0.9827749
-3.20948
3.074961
8.536922
2.15549
-5.281708
-1.336662
0.449333
-5.02918
3.134915
6.131635
1.98026
-0.7729382
3.06976
-4.719495
5.962754
5.085285
1.030307
1.190368
-2.509927
2.73096
-0.9668068
-5.056045
4.606124
10.63884
-9.097553
2.395969
8.356194
8.631522
2.434779
1.961514
-3.016433
-2.079993
-10.04224
-3.943668
-2.449178
7.62346
1.45076
1.950452
-0.9689505
-9.17186
-1.647261
-16.11995
1.037064
2.872965
-0.1197034
-0.9109554
-1.766751
5.94377
-10.82988
-0.8121744
6.258512
1.511634
12.90036
0.3489528
-6.519184
2.19495
-5.501636
-9.637387
-4.114238
-0.8313058
-8.360382
-7.233045
6.28159
1.42217
-2.437054
-0.5817856
-0.2717493
-3.374494
-9.409641
0.6504473
2.996468
-0.601385
-10.01298
7.787063
-0.1588625
3.88299
-0.09733386
8.320904
-10.31381
2.55877
8.457079
-11.10267
5.471561
-1.155523
0.6586029
-7.005664
-1.686947
-4.330405
-2.771784
-1.75553
-5.332506
-0.2048232
-8.700071
-0.9432332
2.566859
3.264436
-2.231544
1.383709
1.628654
8.534814
5.196289
-8.536823
-3.566812
-2.204017
-3.614317
-0.7384438
7.622908
-3.424618
9.157679
-3.007374
3.698968
-9.076044
1.744988
0.6051649
4.914011
4.048191
2.120234
-4.757288
11.17106
1.106171
-1.711345
-1.502432
1.657397
6.00484
0.07215443
-6.08866
4.526852
-6.406192
1.349896
-0.5278734
-6.374934
-1.555308
-0.9279032
4.866051
1.976493
6.903569
9.863371
5.0939
2.655608
-2.906999
-3.690169
-1.310187
-4.319927
-10.31716
5.212424
-2.210651
-3.842505
-0.7218836
7.881643
-4.178563
1.070362
3.826006
-10.09738
0.8403251
2.995381
5.763357
-4.32272
-2.012057
-4.070016
1.805286
-0.7452492
2.871687
-3.328328
5.621551
4.021183
2.42074
3.466665
-1.906417
7.219284
-3.82925
-5.489738
7.686301
0.4167362
-5.28434
-1.944727
-4.805849
-4.317571
2.907306
0.2401056
1.264185
-7.315236
0.8620876
0.4440568
1.778468
-6.883616
-2.344474
4.07025
0.4581358
-12.5024
-6.090141
-3.620992
6.210301
-0.04210593
6.597969
-3.308738
-7.437909
-1.476417
7.965073
-5.639042
-12.26734
-0.4152839
5.981985
-3.904693
0.7240634
9.672639
-2.191309
6.593507
-0.7226098
5.847728
0.1273308
-5.731417
-5.71853
5.170901
0.8962484
-4.248531
2.322446
0.7330338
-6.285588
-1.388427
-7.007507
-7.97358
10.21947
5.944517
-2.697964
-8.292975
-6.129173
4.73655
-0.8182576
2.029246
-11.46679
2.190329
-7.125455
-1.451539
1.7933
1.035347
5.541929
-0.7869638
-0.2518211
2.604112
-1.586035
-3.454101
-2.2842
-2.483026
-0.8682309
1.142721
-4.816293
-10.8982
-2.677644
6.016315
0.1841405
0.7014254
4.847155
6.014823
-1.84412
-1.879181
-0.5776629
-0.9639335
